temp/random_landscape_habdist.asc
north: 512
south: 0
east: 512
west: 0
rows: 512
cols: 512
[rows 132 to 164 of 512, columns 370 to 443 of 512]
1.414214 2.414214 2.828427 3.828427 4.828427 5.828427 6.828427 7.828427 8.828427 9.828427 10.828427 11.24264 11.656855 12.071068 12.485281 12.899495 13.313708 13.727922 14.142136 15.142136 16.142136 16.899494 16.485281 16.071068 15.656855 15.24264 14.828427 14.414213 14 14.414213 14.828427 15 15.414213 15.828427 15.899495 14.899495 13.899495 12.899495 11.899495 10.899495 9.899495 9.485281 8.828427 7.828427 6.828427 5.828427 4.828427 3.828427 2.828427 2.414214 2 2 2 1 -1 1 1 -1 -1.414214 -2 -1 1 1 -1 -1 1 2 2.414214 1.414214 1 1 1.414214 2 1
2.414214 2.828427 3.828427 4.24264 5.24264 6.24264 7.24264 8.24264 9 9.414213 9.828427 10.24264 10.656855 11.071068 11.485281 11.899495 12.313708 12.727922 13.727922 14.727922 15.727922 16.242641 16.656855 17.071068 16.656855 16.242641 15.828427 15.414213 15 15.414213 15.828427 16 16.414213 16.828426 16.313709 15.313708 14.313708 13.313708 12.313708 11.313708 10.414213 9.414213 8.414213 7.414214 6.414214 5.414214 4.414214 3.414214 2.414214 1.414214 1 1 1.414214 1 1 1 1 -1 -1 -1.414214 -1.414214 -1 -1 1 1 1.414214 2.414214 2 1.414214 1 -1 1 1.414214 1.414214
2.828427 3.828427 4.24264 5.24264 5.656854 6.656854 7.656854 8.414213 8 8.414213 8.828427 9.24264 9.656855 10.071068 10.485281 10.899495 11.313708 12.313708 13.313708 14.313708 14.828427 15.24264 15.656855 16.071068 16.485281 16.899494 16.828426 16.414213 16 16.414213 16.828426 17 17.414213 17 16 15 14 13 12 11 10 9 8 7 6 5 4 3 2 1 -1 -1 1 -1 -1 -1 -1 -1 1 -1 -1.414214 -1 -1 1 1.414214 1 1.414214 1 1 -1 -1.414214 -1 1 1.414214
3.828427 4.24264 5.24264 5.656854 6.656854 7.071068 7.828427 7.414214 7 7.414214 7.828427 8.24264 8.656855 9.071068 9.485281 9.899495 10.899495 11.899495 12.899495 13.414213 13.828427 14.24264 14.656855 15.071068 15.485281 15.899495 16.313709 16.727922 17 17.414213 17.828426 18 18.414213 17.414213 16.414213 15.414213 14.414213 13.414213 12.414213 11.414213 10.414213 9.414213 8.414213 7.414214 6.414214 5.414214 4.414214 3.414214 2.414214 1.414214 1 1 1 -1 -2 -1.414214 -1 -1 1 -1 -1 1 -1 1 1 -1 1 -1 1 -1 -1.414214 -1 -1 1
4.24264 5.24264 5.656854 6.656854 7.071068 7.24264 6.828427 6.414214 6 6.414214 6.828427 7.24264 7.656854 8.071068 8.485281 9.485281 10.485281 11.485281 12 12.414213 12.828427 13.24264 13.656855 14.071068 14.485281 14.899495 15.313708 15.727922 16.142136 16.556349 16.970562 17.970562 18.828426 17.828426 16.828426 15.828427 14.828427 13.828427 12.828427 11.828427 10.828427 9.828427 8.828427 7.828427 6.828427 5.828427 4.828427 3.828427 2.828427 2.414214 2 2 1 -1 -2 -1 1 -1 -1 -1 -1 1 1 1 1 1 1.414214 1 1.414214 1 -1 1 -1 1
4.828427 5.656854 6.656854 7.071068 6.656854 6.24264 5.828427 5.414214 5 5.414214 5.828427 6.24264 6.656854 7.071068 8.071068 9.071068 10.071068 11.071068 11 11.414213 11.828427 12.24264 12.656855 13.071068 13.485281 13.899495 14.313708 14.727922 15.142136 15.556349 16.556349 17.556349 18.556349 17.828426 16.828426 15.828427 14.828427 13.828427 12.828427 11.828427 10.828427 9.828427 8.828427 7.828427 6.828427 5.828427 4.828427 3.828427 2.828427 2.414214 2 2 1 -1 -2 -1.414214 -1 1 1 1 1 1.414214 1 -1 -1 1 1.414214 2 2 1 -1 -1 1 1.414214
4.414214 5.414214 6.414214 6.656854 5.656854 5.24264 4.828427 4.414214 4 4.414214 4.828427 5.24264 5.656854 6.656854 7.656854 8.656855 9.656855 10.414213 10 10.414213 10.828427 11.24264 11.656855 12.071068 12.485281 12.899495 13.313708 13.727922 14.142136 15.142136 16.142136 17.142136 18.142136 17.414213 16.414213 15.414213 14.414213 13.414213 12.414213 11.414213 10.414213 9.414213 8.414213 7.414214 6.414214 5.414214 4.414214 3.414214 2.414214 1.414214 1 1.414214 1 -1 -2 -1 1 1 -1 1 1.414214 1 -1 -1.414214 -1.414214 -1 1 2 2 1 -1 -1 -1 1
4 5 6 6.24264 5.24264 4.24264 3.828427 3.414214 3 3.414214 3.828427 4.24264 5.24264 6.24264 7.24264 8.24264 9 9.414213 9 9.414213 9.828427 10.24264 10.656855 11.071068 11.485281 11.899495 12.313708 12.727922 13.727922 14.727922 15.727922 16.727922 17.727922 17 16 15 14 13 12 11 10 9 8 7 6 5 4 3 2 1 -1 1 1 -1 -1.414214 -1 -1 -1 1 1 1 -1 -1.414214 -2.414214 -1.414214 -1 1 2 2.414214 1.414214 1 1 1 1
4 5 6 5.828427 4.828427 3.828427 2.828427 2.414214 2 2.414214 2.828427 3.828427 4.828427 5.828427 6.828427 7.828427 8 8.414213 8 8.414213 8.828427 9.24264 9.656855 10.071068 10.485281 10.899495 11.313708 12.313708 13.313708 14.313708 15.313708 16.313709 17.313709 17.414213 16.414213 15.414213 14.414213 13.414213 12.414213 11.414213 10.414213 9.414213 8.414213 7.414214 6.414214 5.414214 4.414214 3.414214 2.414214 1.414214 1 1.414214 1.414214 1 -1 1 1 -1 1 -1 1 1 -1 -2 -1 1 1.414214 2.414214 2.414214 2 2 2 1.414214 1
4 5 5.24264 4.828427 4.414214 3.414214 2.414214 1.414214 1 1.414214 2.414214 3.414214 4.414214 5.414214 6.414214 7.414214 7 7.414214 7 7.414214 7.828427 8.24264 8.656855 9.071068 9.485281 9.899495 10.899495 11.899495 12.899495 13.899495 14.899495 15.899495 16.899494 17.828426 16.828426 15.828427 14.828427 13.828427 12.828427 11.828427 10.828427 9.828427 8.828427 7.828427 6.828427 5.828427 4.828427 3.828427 2.828427 2.414214 2 2 1 -1 -1.414214 -1 1 -1 -1 -1.414214 -1 -1 -1.414214 -1.414214 -1 1 2 2 1.414214 1 1.414214 2 1 -1
4.414214 5.24264 4.24264 3.828427 3.414214 3 2 1 -1 1 2 3 4 5 6 6.414214 6 6.414214 6 6.414214 6.828427 7.24264 7.656854 8.071068 8.485281 9.485281 10.485281 11.485281 12.485281 13.485281 14.485281 15.485281 16.485281 17.485281 17.242641 16.242641 15.24264 14.24264 13.24264 12.24264 11.24264 10.24264 9.24264 8.24264 7.24264 6.24264 5.24264 4.24264 3.414214 2.414214 1.414214 1 1 -1 -1.414214 -1.414214 -1 -1.414214 -2 -2.414214 -2 -2 -2 -1 1 1.414214 1.414214 1 1 -1 1 1 1 -1
4.828427 4.24264 3.828427 2.828427 2.414214 2 2.414214 1.414214 1 1.414214 2.414214 3.414214 4.414214 5.414214 5.828427 5.414214 5 5.414214 5 5.414214 5.828427 6.24264 6.656854 7.071068 8.071068 9.071068 10.071068 11.071068 12.071068 13.071068 14.071068 15.071068 16.071068 17.071068 17 16 15 14 13 12 11 10 9 8 7 6 5 4 3 2 1 -1 -1 1 -1 -2 -2 -2.414214 -2.414214 -1.414214 -1 -1.414214 -2 -1 1 1.414214 1 -1 1 1 1 -1 -1 -1.414214
4.828427 3.828427 2.828427 2.414214 1.414214 1 1.414214 2.414214 2 2.414214 2.828427 3.828427 4.828427 5.24264 4.828427 4.414214 4 4.414214 4 4.414214 4.828427 5.24264 5.656854 6.656854 7.656854 8.656855 9.656855 10.656855 11.656855 12.656855 13.656855 14.656855 15.656855 16.656855 17.414213 16.414213 15.414213 14.414213 13.414213 12.414213 11.414213 10.414213 9.414213 8.414213 7.414214 6.414214 5.414214 4.414214 3.414214 2.414214 1.414214 1 1 1 -1 -1 -1 -1.414214 -2 -1 1 -1 -2 -1.414214 -1 1 1 -1 -1 1 -1 -1.414214 -2 -2.414214
4.414214 3.414214 2.414214 1.414214 1 -1 1 2 3 3.414214 3.828427 4.24264 5.24264 4.24264 3.828427 3.414214 3 3.414214 3 3.414214 3.828427 4.24264 5.24264 6.24264 7.24264 8.24264 9.24264 10.24264 11.24264 12.24264 13.24264 14.24264 15.24264 16.242641 16.556349 16.142136 15.727922 14.828427 13.828427 12.828427 11.828427 10.828427 9.828427 8.828427 7.828427 6.828427 5.828427 4.828427 3.828427 2.828427 2.414214 2 1.414214 1 -1 1 1 -1 -1.414214 -1 -1 -1.414214 -1 -1.414214 -1 1 1 -1 1 -1 -1.414214 -2.414214 -2.828427 -2.414214
3.414214 3 2 1 -1 1 1.414214 2.414214 3.414214 4.414214 4.828427 5.24264 4.828427 3.828427 2.828427 2.414214 2 2.414214 2 2.414214 2.828427 3.828427 4.828427 5.828427 6.828427 7.828427 8.828427 9.828427 10.828427 11.828427 12.828427 13.828427 14.828427 15.828427 15.556349 15.142136 14.727922 14.313708 13.899495 13.24264 12.24264 11.24264 10.24264 9.24264 8.24264 7.24264 6.24264 5.24264 4.24264 3.828427 3 2 1 -1 1 1.414214 1.414214 1 -1 1 1 -1 1 -1 -1.414214 -1 -1 -1 1 -1 -2 -2.414214 -2 -2
2.414214 2 2.414214 1.414214 1 1.414214 2.414214 2.828427 3.828427 4.828427 5.24264 4.828427 4.414214 3.414214 2.414214 1.414214 1 1.414214 1 1.414214 2.414214 3.414214 4.414214 5.414214 6.414214 7.414214 8.414213 9.414213 10.414213 11.414213 12.414213 13.414213 14.414213 15.414213 15.142136 14.142136 13.727922 13.313708 12.899495 12.485281 12.071068 11.656855 10.656855 9.656855 8.656855 7.656854 6.656854 5.656854 5.24264 4.414214 3.414214 2.414214 1.414214 1 1.414214 2.414214 2.414214 1.414214 1 1 1.414214 1 -1 -1 -1 1 1 -1 -1 -1 -1.414214 -1.414214 -1 -1.414214
1.414214 1 1.414214 1 -1 1 2 3 4 5 4.24264 3.828427 3.414214 3 2 1 -1 1 -1 1 2 3 4 5 6 7 8 9 10 11 12 13 14 14.899495 14.485281 13.727922 12.727922 12.313708 11.899495 11.485281 11.071068 10.656855 10.24264 9.828427 9.071068 8.071068 7.071068 6.656854 5.828427 4.828427 3.828427 2.828427 2.414214 2 2.414214 2.828427 2 1 -1 -1 1 1.414214 1 1 1 1.414214 1.414214 1 -1 1 -1 -1 1 -1
1 -1 1 -1 1 1.414214 2.414214 3.414214 4.414214 4.828427 3.828427 2.828427 2.414214 2 2.414214 1.414214 1 1 -1 1 2 3 4 5 6 7 8 9 10 11 12 13 14 13.899495 13.485281 13.071068 12.313708 11.313708 10.899495 10.485281 10.071068 9.656855 9.24264 8.828427 8.414213 8 8.071068 7.24264 6.24264 5.24264 4.24264 3.828427 3.414214 3 3.414214 2.414214 1.414214 1 1 1 1.414214 2 2 2 2 2.414214 2.414214 1.414214 1 -1 -1 1 -1 -1
1.414214 1 1.414214 1 1.414214 2.414214 2.828427 3.828427 4.828427 4.414214 3.414214 2.414214 1.414214 1 1.414214 2.414214 2 1.414214 1 1.414214 2.414214 3.414214 4.414214 5.414214 6.414214 7.414214 8.414213 9.414213 10.414213 11.414213 12.414213 13.414213 13.313708 12.899495 12.485281 12.071068 11.656855 10.899495 9.899495 9.485281 9.071068 8.656855 8.24264 7.828427 7.414214 7 7.414214 7.656854 6.656854 5.656854 5.24264 4.828427 4.414214 4 3 2 1 -1 -1 1 1.414214 1 1.414214 2.414214 3 2.414214 1.414214 1 -1 1 1 -1 -1 -1
1 -1 1 2 2.414214 2.828427 3 3.414214 3.828427 3.414214 3 2 1 -1 1 2 2.828427 2.414214 2 2.414214 2.828427 3.828427 4.828427 5.828427 6.828427 7.828427 8.828427 9.828427 10.828427 11.828427 12.828427 12.727922 12.313708 11.899495 11.485281 11.071068 10.656855 10.24264 9.485281 8.485281 8.071068 7.656854 7.24264 6.828427 6.414214 6 6.414214 6.828427 6.414214 6 6.24264 5.828427 5.414214 4.414214 3.414214 2.414214 1.414214 1 -1 1 1 -1 1 2 2.414214 2 1 -1 -1 1 1 -1 1 -1
-1 -1 1 2 2 2.414214 2 2.414214 2.828427 2.414214 2 2.414214 1.414214 1 1.414214 2.414214 3.414214 3.414214 3 3.414214 3.828427 4.24264 5.24264 6.24264 7.24264 8.24264 9.24264 10.24264 11.24264 12.24264 13.071068 12.313708 11.313708 10.899495 10.485281 10.071068 9.656855 9.24264 8.828427 8.071068 7.071068 6.656854 6.24264 5.828427 5.414214 5 5.414214 5.828427 5.414214 5 5.414214 5.828427 5.828427 4.828427 3.828427 2.828427 2.414214 1.414214 1 -1 1 1 1.414214 1 1.414214 2.414214 1.414214 1 1 1.414214 1 -1 -1 -1
1 1 1.414214 1.414214 1 1.414214 1 1.414214 2.414214 1.414214 1 1.414214 2.414214 2 2.414214 2.828427 3.828427 4.414214 4 4.414214 4.828427 5.24264 5.656854 6.656854 7.656854 8.656855 9.656855 10.656855 11.24264 11.656855 12.071068 11.899495 10.899495 9.899495 9.485281 9.071068 8.656855 8.24264 7.828427 7.414214 6.656854 5.656854 5.24264 4.828427 4.414214 4 4.414214 4.828427 4.414214 4 4.414214 4.828427 5.24264 5.24264 4.24264 3.828427 2.828427 2.414214 1.414214 1 1 1 1 -1 1 1.414214 1 1 -1 1 1.414214 1 -1 -1.414214
1.414214 1 1 1 -1 1 -1 1 2 1 -1 1 2 3 3.414214 3.828427 4.24264 5.24264 5 5.414214 5.828427 6.24264 6.656854 7.071068 8.071068 9 9.414213 9.828427 10.24264 10.656855 11.071068 11.485281 10.485281 9.485281 8.485281 8.071068 7.656854 7.24264 6.828427 6.414214 6 5.24264 4.24264 3.828427 3.414214 3 3.414214 3.828427 3.414214 3 3.414214 3.828427 4.24264 5.24264 5.24264 4.24264 3.828427 2.828427 2 1 -1 -1 1 1 1.414214 1 -1 -1 -1.414214 -1 1 -1 -1.414214 -1
1 -1 -1 -1 -1 1 1 1.414214 2.414214 1.414214 1 1.414214 2.414214 3.414214 4.414214 4.828427 5.24264 5.656854 6 6.414214 6.828427 7.24264 7.656854 8.071068 8.414213 8 8.414213 8.828427 9.24264 9.656855 10.071068 10.485281 10.071068 9.071068 8.071068 7.071068 6.656854 6.24264 5.828427 5.414214 5 4.828427 3.828427 2.828427 2.414214 2 2.414214 2.828427 2.414214 2 2.414214 2.828427 3.828427 4.828427 5.656854 5.24264 4.24264 3.414214 2.414214 1.414214 1 1 1 -1 1 1 -1 1 -1 -1.414214 -1 -1.414214 -2.414214 -1.414214
1 -1 -2 -1.414214 -1 1 2 2.414214 2 1 -1 1 2 3 4 5 6 6.656854 7 7.414214 7.828427 8.24264 8.24264 7.828427 7.414214 7 7.414214 7.828427 8.24264 8.656855 9.071068 9.485281 9.656855 8.656855 7.656854 6.656854 5.656854 5.24264 4.828427 4.414214 4 4.414214 3.414214 2.414214 1.414214 1 1.414214 2.414214 1.414214 1 1.414214 2.414214 3.414214 4.414214 5.414214 5.656854 4.828427 3.828427 2.828427 2.414214 2 2 1.414214 1 -1 -1 -1.414214 -1 -1 -1.414214 -1.414214 -1 -1.414214 -2.414214
-1 -1 -1 -1 1 1.414214 2.414214 3.414214 2.414214 1.414214 1 1.414214 2.414214 3.414214 4.414214 5.414214 6.414214 7.414214 7.828427 7.414214 7 7.414214 7.24264 6.828427 6.414214 6 6.414214 6.828427 7.24264 7.656854 8.071068 8.485281 9.24264 8.24264 7.24264 6.24264 5.24264 4.24264 3.828427 3.414214 3 3.414214 3 2 1 -1 1 2 1 -1 1 2 3 4 5 6 5.24264 4.24264 3.828427 3.414214 3 2.414214 1.414214 1 -1 -1 -1 1 1 -1 -1 1 -1 -1.414214
1 1 1 -1 1 2 2.828427 3.828427 2.828427 2.414214 2 2.414214 2.828427 3.828427 4.828427 5.828427 6.828427 7 6.828427 6.414214 6 6.414214 6.24264 5.828427 5.414214 5 5.414214 5.828427 6.24264 6.656854 7.071068 8.071068 8.828427 7.828427 6.828427 5.828427 4.828427 3.828427 2.828427 2.414214 2 2.414214 2.828427 2.414214 1.414214 1 1.414214 2.414214 1.414214 1 1.414214 2.414214 3.414214 4.414214 5.414214 6.414214 5.656854 5.24264 4.828427 4 3 2 1 -1 1 1 1 1.414214 1.414214 1 -1 1 1 -1
1 -1 1 1 1.414214 2.414214 3.414214 3.414214 3 3.414214 3 3.414214 3.828427 4.24264 5 5.414214 5.828427 6 5.828427 5.414214 5 5.414214 5.24264 4.828427 4.414214 4 4.414214 4.828427 5.24264 5.656854 6.656854 7.656854 8.414213 7.414214 6.414214 5.414214 4.414214 3.414214 2.414214 1.414214 1 1.414214 2.414214 2.828427 2.414214 1.414214 1 1.414214 2.414214 2 2.414214 2.828427 3.828427 4.828427 5.828427 6.828427 6.656854 6.24264 5.414214 4.414214 3.414214 2.414214 1.414214 1 1.414214 2 2 2 1 -1 1 1.414214 1 -1
1.414214 1 1.414214 2 2.414214 2.828427 2.828427 2.414214 2 2.414214 2.828427 3.828427 4.24264 4.414214 4 4.414214 4.828427 5 4.828427 4.414214 4 4.414214 4.24264 3.828427 3.414214 3 3.414214 3.828427 4.24264 5.24264 6.24264 7.24264 8 7 6 5 4 3 2 1 -1 1 2 2.414214 2 1 -1 1 2 3 3.414214 3.828427 4.24264 5.24264 6.24264 7.24264 7.656854 6.828427 5.828427 4.828427 3.828427 2.828427 2.414214 2 2.414214 2.414214 1.414214 1 1.414214 1 1.414214 2 1 -1
2.414214 2 2.414214 2.828427 3.414214 3.414214 2.414214 1.414214 1 1.414214 2.414214 2.828427 3.828427 3.414214 3 3.414214 3.828427 4 3.828427 3.414214 3 3.414214 3.828427 2.828427 2.414214 2 2.414214 2.828427 3.828427 4.828427 5.828427 6.828427 7.828427 7.414214 6.414214 5.414214 4.414214 3.414214 2.414214 1.414214 1 1.414214 1 1.414214 2 1 -1 1 2 3 4 4.828427 5.24264 5.656854 6.656854 7.656854 8.24264 7.24264 6.24264 5.24264 4.24264 3.828427 3.414214 3 2.414214 1.414214 1 -1 1 2 2.414214 2.414214 1.414214 1
2.828427 3 3.414214 3.828427 2.828427 2.414214 2 1 -1 1 1.414214 2.414214 2.828427 2.414214 2 2.414214 2.828427 3 2.828427 2.414214 2 2.414214 2.828427 2.414214 1.414214 1 1.414214 2.414214 3.414214 4.414214 5.414214 6.414214 7.414214 7.24264 6.828427 5.828427 4.828427 3.828427 2.828427 2.414214 2 1 -1 1 2 1.414214 1 1.414214 2.414214 3.414214 4.414214 5.414214 6.24264 6.656854 7.071068 8.071068 8.656855 7.656854 6.656854 5.656854 5.24264 4.828427 4 3 2 1 -1 1 1.414214 2 2.414214 2.828427 2 1
3.414214 3 3.414214 2.828427 2.414214 1.414214 1 1 1 -1 1 1.414214 2.414214 1.414214 1 1.414214 2.414214 2 2.414214 1.414214 1 1.414214 2.414214 1.414214 1 -1 1 2 3 4 5 6 6.656854 6.24264 5.828427 5.414214 5 4.24264 3.828427 3.414214 2.414214 1.414214 1 1.414214 2.414214 2.414214 2 2.414214 2.828427 3.828427 4.828427 5.828427 6.828427 7.656854 8.071068 8.485281 8.485281 8.071068 7.071068 6.656854 6 5 4 3 2 1 -1 1 1 1 1.414214 2.414214 1.414214 1
2.414214 2 2.414214 2 1.414214 1 -1 -1 -1 1 -1 1 1.414214 1 -1 1 1.414214 1 1.414214 1 -1 1 2 1 -1 1 1.414214 2.414214 3.414214 4.414214 5.414214 6.414214 5.656854 5.24264 4.828427 4.414214 4 3.828427 3.414214 3 2.828427 2.414214 2 2.414214 2.828427 3.414214 3 3.414214 3.828427 4.24264 5.24264 6.24264 7.24264 8.24264 9.071068 8.828427 8.071068 7.071068 6.656854 6.24264 5.828427 5.414214 4.414214 3.414214 2.414214 1.414214 1 1 -1 -1 1 2 1 -1
