temp/random_landscape_habdist.asc
north: 512
south: 0
east: 512
west: 0
rows: 512
cols: 512
[rows 363 to 395 of 512, columns 370 to 443 of 512]
-2.414214 -3.414214 -3.828427 -3.414214 -2.414214 -1.414214 -1 -1.414214 -2.414214 -2.828427 -3.828427 -4.828427 -5.24264 -4.24264 -3.828427 -3.414214 -3 -3.414214 -3 -3.414214 -2.414214 -1.414214 -1 -1 1 -1 -2 -3 -3 -3.414214 -3.828427 -4.24264 -5.24264 -5.414214 -5 -5.414214 -5.828427 -6.24264 -6.656854 -7.071068 -7.828427 -6.828427 -5.828427 -4.828427 -3.828427 -2.828427 -2.414214 -2 -2.414214 -1.414214 -1 -1.414214 -1.414214 -1 -1 -1.414214 -1 -1 -1.414214 -2.414214 -1.414214 -1 -1 1 1 -1 -1 -1.414214 -1 -1.414214 -1 1 -1 -1.414214
-2 -3 -2.828427 -2.414214 -2 -2.414214 -2 -2.414214 -2.828427 -3.828427 -4.24264 -5.24264 -4.828427 -3.828427 -2.828427 -2.414214 -2 -2.414214 -2 -2.414214 -2.828427 -2 -1 1 1 -1 -2 -3 -4 -4 -4.414214 -4.828427 -4.828427 -4.414214 -4 -4.414214 -4.828427 -5.24264 -5.656854 -6.656854 -7.656854 -7.24264 -6.24264 -5.24264 -4.24264 -3.828427 -3.414214 -3 -2.828427 -2.414214 -2 -2.414214 -1.414214 -1 1 -1 -1.414214 -1 -1 -1.414214 -1 1 -1 -1 -1 -1 1 -1 1 -1 1 -1 -1.414214 -2.414214
-2.414214 -3.414214 -2.414214 -1.414214 -1 -1.414214 -2.414214 -3.414214 -3.828427 -4.24264 -5.24264 -5.414214 -4.414214 -3.414214 -2.414214 -1.414214 -1 -1.414214 -1 -1.414214 -2.414214 -2.414214 -1.414214 -1 -1 -1.414214 -2.414214 -3.414214 -3 -3 -3.414214 -3.828427 -3.828427 -3.414214 -3 -3.414214 -3.828427 -4.24264 -5.24264 -6.24264 -7.24264 -7.656854 -6.656854 -5.656854 -5.24264 -4.828427 -4.414214 -3.414214 -2.414214 -1.414214 -1 -1.414214 -1 1 -1 -1.414214 -1 1 1 -1 -1 1 1 -1 1 1 1 -1 -1 -1.414214 -1 -1.414214 -2.414214 -2.828427
-2.414214 -2.828427 -2 -1 1 -1 -2 -2.414214 -2.828427 -3.828427 -4.828427 -5 -4 -3 -2 -1 1 -1 1 -1 -2 -2.828427 -2.414214 -2 -2 -2.414214 -2 -2.414214 -2 -2 -2.414214 -2.828427 -2.828427 -2.414214 -2 -2.414214 -2.828427 -3.828427 -4.828427 -5.828427 -6.828427 -7.828427 -7.071068 -6.656854 -6 -5 -4 -3 -2 -1 1 -1 -1.414214 -1 -1.414214 -1 1 -1 -1 1 1 -1 -1 -1.414214 -1 -1 -1 -1.414214 -2 -2.414214 -2 -2.414214 -2.828427 -3.828427
-1.414214 -2.414214 -2.414214 -1.414214 -1 -1.414214 -1 -1.414214 -2.414214 -3.414214 -4.414214 -5.414214 -4.414214 -3.414214 -2.414214 -1.414214 -1 -1.414214 -1 -1.414214 -2.414214 -3.414214 -3.414214 -3 -2.414214 -1.414214 -1 -1.414214 -1 -1 -1.414214 -2.414214 -2.414214 -1.414214 -1 -1.414214 -2.414214 -3.414214 -4.414214 -5.414214 -6.414214 -7.414214 -8.071068 -7.414214 -6.414214 -5.414214 -4.414214 -3.414214 -2.414214 -1.414214 -1 -1.414214 -1 -1.414214 -1 1 1 -1 1 1.414214 1 -1 -2 -2.414214 -2 -2 -2 -2.414214 -2.828427 -3.414214 -3 -3.414214 -3.828427 -4.24264
-1 -2 -2.828427 -2.414214 -2 -1 1 -1 -2 -3 -4 -5 -4.828427 -3.828427 -2.828427 -2.414214 -2 -2.414214 -2 -2.414214 -2.828427 -3.828427 -4 -3 -2 -1 1 -1 1 1 -1 -2 -2 -1 1 -1 -2 -3 -4 -5 -6 -7 -8 -7.828427 -6.828427 -5.828427 -4.828427 -3.828427 -2.828427 -2.414214 -2 -1 1 -1 -1 1 1 -1 1 1 -1 -1.414214 -2.414214 -3.414214 -2.828427 -2.414214 -2 -2.414214 -2.828427 -3.828427 -4 -4.414214 -4.828427 -5.24264
-1.414214 -2.414214 -2.414214 -1.414214 -1 -1 -1 -1.414214 -2.414214 -3.414214 -3.828427 -4 -4.414214 -4.24264 -3.828427 -3.414214 -3 -3.414214 -3 -3.414214 -3.828427 -4.24264 -4.414214 -3.414214 -2.414214 -1.414214 -1 -1 1 -1 -1.414214 -2.414214 -2.414214 -1.414214 -1 -1.414214 -2.414214 -3.414214 -4.414214 -5.414214 -6.414214 -7.414214 -7 -7.414214 -7.24264 -6.24264 -5.24264 -4.24264 -3.828427 -3 -2 -1 1 -1 -1.414214 -1 -1 -1.414214 -1 -1 -1.414214 -2.414214 -2.828427 -3.414214 -2.414214 -1.414214 -1 -1.414214 -2.414214 -3.414214 -4 -4.414214 -4.828427 -5.24264
-1 -1.414214 -2 -1 1 1 1 -1 -2 -2.414214 -2.828427 -3 -3.414214 -3.828427 -4.24264 -4.414214 -4 -4.414214 -4 -4.414214 -4.828427 -5.24264 -4.828427 -3.828427 -2.828427 -2.414214 -2 -1.414214 -1 -1.414214 -2.414214 -2.828427 -2.828427 -2.414214 -2 -2.414214 -2.828427 -3.828427 -4.828427 -5.828427 -6.24264 -6.414214 -6 -6.414214 -6.828427 -6.414214 -5.656854 -5.24264 -4.414214 -3.414214 -2.414214 -1.414214 -1 -1.414214 -1 -1.414214 -2 -2.414214 -2 -2 -2 -2.414214 -2 -2.414214 -2 -1 1 -1 -2 -3 -3 -3.414214 -3.828427 -4.24264
1 -1 -2 -1 1 -1 -1 -1.414214 -1 -1.414214 -2.414214 -2 -2.414214 -2.828427 -3.828427 -4.828427 -5 -5.414214 -5 -5.414214 -5.828427 -6.24264 -5.24264 -4.24264 -3.828427 -3.414214 -2.828427 -2.414214 -2 -2.414214 -2.828427 -3.828427 -3.828427 -3.414214 -3 -3.414214 -3.828427 -4 -4.414214 -4.828427 -5.24264 -5.414214 -5 -5.414214 -5.828427 -5.414214 -5 -5 -4.828427 -3.828427 -2.828427 -2.414214 -2 -1 1 -1 -2 -3 -2.414214 -1.414214 -1 -1.414214 -1 -1.414214 -2.414214 -1.414214 -1 -1.414214 -2.414214 -2.414214 -2 -2.414214 -2.828427 -3.828427
-1 -1.414214 -1.414214 -1 -1 -1.414214 -2 -1 1 -1 -1.414214 -1 -1.414214 -2.414214 -3.414214 -4.414214 -5.414214 -6.414214 -6 -6.414214 -6.656854 -5.656854 -5.24264 -4.828427 -4.414214 -4 -3.828427 -3.414214 -3 -3.414214 -3.414214 -3 -3.414214 -3.828427 -4 -3.828427 -3.414214 -3 -3.414214 -3.828427 -4.24264 -4.414214 -4 -4.414214 -4.828427 -4.414214 -4 -4 -4 -3.828427 -3.414214 -3 -2.414214 -1.414214 -1 -1.414214 -2.414214 -3 -2 -1 1 -1 1 -1 -2 -2.414214 -2 -2.414214 -2.414214 -1.414214 -1 -1.414214 -2.414214 -3.414214
-1 -2 -1 1 1 -1 -2 -1 1 1 -1 1 -1 -2 -3 -4 -5 -6 -7 -7.24264 -6.24264 -5.24264 -4.24264 -3.828427 -3.414214 -3 -3.414214 -3.828427 -3.828427 -2.828427 -2.414214 -2 -2.414214 -2.828427 -3.828427 -2.828427 -2.414214 -2 -2.414214 -2.828427 -3.828427 -3.414214 -3 -3.414214 -3.828427 -3.414214 -3 -3 -3 -2.828427 -2.414214 -2 -2.414214 -2.414214 -2 -2.414214 -2.828427 -3 -2.414214 -1.414214 -1 -1.414214 -1 -1.414214 -2.414214 -3.414214 -3 -3 -2 -1 1 -1 -2 -2.828427
-1 -1.414214 -1 1 -1 -1 -1 -1.414214 -1 -1 1 -1 -1.414214 -2.414214 -3.414214 -4.414214 -5.414214 -6.24264 -6.656854 -6.828427 -5.828427 -4.828427 -3.828427 -2.828427 -2.414214 -2 -2.414214 -2.828427 -3.414214 -2.414214 -1.414214 -1 -1.414214 -2.414214 -3.414214 -2.414214 -1.414214 -1 -1.414214 -2.414214 -2.828427 -2.414214 -2 -2.414214 -2.828427 -2.414214 -2 -2 -2 -2 -1.414214 -1 -1.414214 -2.414214 -2 -2.414214 -2.414214 -2 -2.414214 -2 -2 -2 -2 -2.414214 -2.828427 -3.828427 -3.828427 -2.828427 -2 -1 1 -1 -1.414214 -2.414214
1 -1 1 -1 1 1 1 -1 -2 -1.414214 -1 -1.414214 -2.414214 -2.828427 -3.828427 -4.414214 -4.828427 -5.24264 -5.656854 -6.24264 -5.414214 -4.414214 -3.414214 -2.414214 -1.414214 -1 -1.414214 -2.414214 -3 -2 -1 1 -1 -2 -3 -2 -1 1 -1 -2 -2.414214 -1.414214 -1 -1.414214 -2 -1.414214 -1 -1 -1 -1 -1 1 -1 -1.414214 -1 -1.414214 -1.414214 -1 -1.414214 -1 -1.414214 -1 -1.414214 -2.414214 -3.414214 -4.24264 -3.414214 -2.414214 -1.414214 -1 1 1 -1 -2
1 -1 -1 -1 1 -1 1 -1 -1.414214 -2.414214 -2 -2.414214 -2.828427 -3.414214 -3 -3.414214 -3.828427 -4.24264 -5.24264 -5.24264 -4.828427 -4 -3 -2 -1 1 -1 -2 -2.414214 -2 -1.414214 -1 -1.414214 -2.414214 -3.414214 -2.414214 -1.414214 -1 -1.414214 -2.414214 -2 -1 1 -1 -1 -1 1 1 1 1 1 -1 1 -1 1 -1 -1 1 -1 1 -1 1 -1 -2 -3 -4 -3 -2 -1 1 -1 -1 -1.414214 -2.414214
-1 -1 1 1 1.414214 1 1.414214 1 -1 -2 -3 -3.414214 -2.828427 -2.414214 -2 -2.414214 -2.828427 -3.828427 -4.828427 -4.24264 -3.828427 -3.414214 -3 -2.414214 -1.414214 -1 -1.414214 -2.414214 -1.414214 -1 -1 -1.414214 -2.414214 -2.828427 -3.828427 -2.828427 -2.414214 -1.414214 -1 -1.414214 -2.414214 -1.414214 -1 1 1 -1 -1 1 -1 -1 1 1 -1 -1.414214 -1 -1.414214 -1.414214 -1 -1.414214 -1 -1.414214 -1 -1.414214 -2.414214 -3.414214 -4.414214 -3.414214 -2.414214 -1.414214 -1 -1.414214 -2 -2.414214 -2.828427
-1 1 1.414214 2 1 -1 1 -1 -1.414214 -2.414214 -3.414214 -3.414214 -2.414214 -1.414214 -1 -1.414214 -2.414214 -3.414214 -4.414214 -3.828427 -2.828427 -2.414214 -2 -2.414214 -2.414214 -2 -2.414214 -2 -1 1 1 -1 -2 -3 -4 -3 -2 -1 1 -1 -2 -1.414214 -1 -1 1 1 1 1 -1 1 1 -1 -1.414214 -2.414214 -2 -2.414214 -2.414214 -2 -2.414214 -2 -2.414214 -2 -2.414214 -2.828427 -3.828427 -4.828427 -3.828427 -2.828427 -2.414214 -2 -2.414214 -2.828427 -3.414214 -3.828427
-1 1 2 1.414214 1 -1 -1 -1.414214 -2.414214 -2.828427 -3.828427 -3 -2 -1 1 -1 -2 -3 -4 -3.414214 -2.414214 -1.414214 -1 -1.414214 -2.414214 -2.828427 -3.414214 -2.414214 -1.414214 -1 -1 -1.414214 -2.414214 -3 -3.414214 -3 -2.414214 -1.414214 -1 -1.414214 -2 -1 1 -1 -1 1 1.414214 1 1 1 1 -1 -2 -2.828427 -3 -2.828427 -2.414214 -2 -2.414214 -2.828427 -3.414214 -3 -3.414214 -3.828427 -4.24264 -5.24264 -4.24264 -3.828427 -3.414214 -3 -3.414214 -3.828427 -4.24264 -4.828427
1 1.414214 1 1 -1 -1.414214 -2 -2.414214 -2.828427 -3.828427 -4.24264 -3.414214 -2.414214 -1.414214 -1 -1.414214 -2.414214 -3.414214 -4 -3 -2 -1 1 -1 -1.414214 -2.414214 -3.414214 -2.828427 -2.414214 -2 -2 -2.414214 -2.414214 -2 -2.414214 -2 -2 -1 1 -1 -1.414214 -1 1 1 -1 1 1 -1 1 -1 -1 -1.414214 -2.414214 -3.414214 -3.414214 -2.414214 -1.414214 -1 -1.414214 -2.414214 -3.414214 -4 -4.414214 -4.828427 -5.24264 -5.656854 -5.24264 -4.828427 -4.414214 -4 -4.414214 -4.828427 -5.24264 -5.656854
-1 1 -1 1 -1 -2 -2.828427 -3.414214 -3.828427 -4.24264 -4.828427 -3.828427 -2.828427 -2.414214 -2 -2.414214 -2.828427 -3.414214 -3 -2.828427 -2.414214 -1.414214 -1 1 -1 -2 -3 -3.828427 -3.414214 -3 -3 -2.414214 -1.414214 -1 -1.414214 -1 -1 -1 -1 -1 -1 1 1.414214 1.414214 1 1 1.414214 1 1 -1 -2 -2.414214 -2.828427 -2.828427 -2.414214 -2 -1 1 -1 -2 -3 -4 -5 -5.828427 -6.24264 -6.656854 -6.24264 -5.828427 -5.414214 -5 -5.414214 -5.828427 -6.24264 -5.414214
1 -1 -1.414214 -1 -1.414214 -2.414214 -3.414214 -4.24264 -4.828427 -5.24264 -5.24264 -4.24264 -3.828427 -3.414214 -3 -3.414214 -2.828427 -2.414214 -2 -2 -1.414214 -1 -1 1 -1 -2 -3 -4 -4.414214 -4 -3 -2 -1 1 -1 1 1 1 -1 1 -1 -1 1 2 1 -1 1 1 -1 -1.414214 -2 -2.414214 -2.828427 -2.414214 -1.414214 -1 -1.414214 -1 -1.414214 -2.414214 -3.414214 -4.414214 -5 -5 -5.414214 -5.828427 -6.24264 -6.656854 -6.414214 -6 -6.414214 -6.828427 -6 -5
-1 -1 -1.414214 -2 -2.414214 -2.828427 -3.828427 -4.828427 -5.656854 -6.24264 -5.656854 -5.24264 -4.828427 -4.414214 -4 -3.414214 -2.414214 -1.414214 -1 -1 -1 1 -1 1 -1 -2 -3 -3.828427 -3.414214 -3 -3 -2 -1 1 1 1.414214 2 1.414214 1 1 -1 1 1.414214 2.414214 1.414214 1 1.414214 1.414214 1 -1 -1 -1.414214 -2.414214 -1.414214 -1 1 -1 -1.414214 -2.414214 -2.828427 -3.828427 -4.414214 -4 -4 -4.414214 -4.828427 -5.24264 -5.656854 -6.656854 -7 -7.414214 -7.414214 -6.414214 -5.414214
-1 1 -1 -2 -3 -3.828427 -4.24264 -5.24264 -6.24264 -7.071068 -6.656854 -6.24264 -5.828427 -5 -4 -3 -2 -1 1 1 1 -1 -1.414214 -1 -1.414214 -2.414214 -2.828427 -2.828427 -2.414214 -2 -2.414214 -2.414214 -1.414214 -1 -1 1 2 2.414214 2 1.414214 1 1.414214 2.414214 2.828427 2.414214 2 2.414214 2.414214 1.414214 1 1 -1 -1.414214 -1 1 1 1 -1 -1.414214 -2.414214 -3.414214 -3.414214 -3 -3 -3.414214 -3.828427 -4.24264 -5.24264 -6.24264 -6.656854 -7.071068 -7.656854 -6.828427 -5.828427
-1.414214 -1 -1.414214 -2.414214 -3.414214 -4.24264 -5.24264 -5.656854 -6.656854 -6.828427 -6.414214 -5.656854 -5.24264 -4.828427 -4.414214 -3.414214 -2.414214 -1.414214 -1 -1 1 1 -1 -1 -1 -1.414214 -2.414214 -2.414214 -1.414214 -1 -1.414214 -2.414214 -2.414214 -2 -1 1 2 2.828427 2.828427 2.414214 2 2.414214 2.828427 3 3 3 3.414214 2.828427 2.414214 2 1.414214 1 -1 -1 -1 -1 -1 1 -1 -2 -2.828427 -2.414214 -2 -2 -2.414214 -2.828427 -3.828427 -4.828427 -5.24264 -5.656854 -6.24264 -6.656854 -7.071068 -6.24264
-2.414214 -2 -2 -2.414214 -2.828427 -3.828427 -4.828427 -5.24264 -5.656854 -5.828427 -5.414214 -5 -4.24264 -3.828427 -3.414214 -3 -2.414214 -1.414214 -1 -1 -1 1 -1 1 1 -1 -2 -2 -1 1 -1 -2 -2 -2 -1 1 1.414214 2.414214 3.414214 3.414214 3 2.828427 2.414214 2 2 2.414214 2.828427 3.828427 3 2 1 -1 -1 1 -1 -1 1 -1 -1.414214 -2.414214 -2.414214 -1.414214 -1 -1 -1.414214 -2.414214 -3.414214 -3.828427 -4.24264 -4.828427 -5.24264 -5.656854 -6.656854 -6.656854
-2.414214 -1.414214 -1 -1.414214 -2.414214 -3.414214 -3.828427 -4.24264 -5.24264 -4.828427 -4.414214 -4 -3.828427 -2.828427 -2.414214 -2 -2 -1 1 1 1 1 -1 -1 1 -1 -2 -2.414214 -1.414214 -1 -1.414214 -1.414214 -1 -1.414214 -1 -1 1 2 3 4 3.414214 2.414214 1.414214 1 1 1.414214 2.414214 3.414214 3.414214 2.414214 1.414214 1 1 1 -1 1 -1 1 -1 -2 -1.414214 -1 1 1 -1 -2 -2.414214 -2.828427 -3.414214 -3.828427 -4.24264 -5.24264 -6.24264 -5.828427
-2 -1 1 -1 -2 -2.414214 -2.828427 -3.828427 -4.24264 -3.828427 -3.414214 -3 -3.414214 -2.414214 -1.414214 -1 -1 -1 1 -1 1 -1 -1 -1 1 -1 -2 -1.414214 -1 -1 -1 -1 1 -1 1 1 1.414214 2.414214 3.414214 4 3 2 1 -1 -1 1 2 3 3.828427 2.828427 2.414214 2 2 1.414214 1 1.414214 1 1 -1 -1 -1 1 1.414214 1 -1 -1 -1.414214 -2 -2.414214 -2.828427 -3.828427 -4.828427 -5.24264 -4.828427
-2.414214 -1.414214 -1 -1 -1 -1.414214 -2.414214 -3.414214 -3.828427 -2.828427 -2.414214 -2 -2.414214 -2 -1 1 1 1 1 1 -1 -1 1 1 -1 -1.414214 -1.414214 -1 1 1 1 1 -1 -1 -1 -1 1 2 3 4 3.414214 2.414214 1.414214 1 1 1.414214 2.414214 3.414214 4.24264 3.828427 3.414214 3 2.828427 2.414214 2 2 1 -1 -1 1 -1 1 2 1.414214 1 1 -1 -1 -1.414214 -2.414214 -3.414214 -4.414214 -4.24264 -3.828427
-1.414214 -1 -1 1 1 -1 -2 -3 -3 -2.414214 -1.414214 -1 -1.414214 -2 -1 1 1 1 -1 1 1 1 -1 1 -1 -2 -1 1 1.414214 2 2 1.414214 1 1 1 1 1.414214 2.414214 3.414214 3 3.414214 2.828427 2.414214 2 2 2.414214 2.828427 3.828427 3.414214 3 2.828427 2.414214 2 2.414214 2.828427 2 1 -1 -1 1 1 1.414214 2.414214 2.414214 2 1.414214 1 1 -1 -2 -3 -3.828427 -3.414214 -2.828427
-1 1 -1 1 -1 -1.414214 -2.414214 -2.414214 -2 -2 -1 1 -1 -2 -1.414214 -1 -1 1 1 1.414214 1 1 -1 1 -1 -1 -1 -1 1 2 2.414214 2.414214 2 2 2 2 2.414214 2.828427 2.414214 2 2.414214 2.828427 3.414214 3 3 3.414214 3.828427 2.828427 2.414214 2 2.414214 1.414214 1 1.414214 2.414214 2 1 -1 1 1.414214 2 2.414214 2.828427 2.828427 2 1 -1 1 -1 -2 -3 -2.828427 -2.414214 -2
-1 1 -1 -1 -1.414214 -2.414214 -2.414214 -1.414214 -1 -1.414214 -1.414214 -1 -1.414214 -2.414214 -2.414214 -2 -1 1 1 1 -1 1 -1 -1 -1 1 1 1 1.414214 1 1.414214 2.414214 3 3 3 3 3.414214 2.414214 1.414214 1 1.414214 2.414214 3.414214 4 4 3.828427 2.828427 2.414214 1.414214 1 1.414214 1 -1 1 2 2.414214 1.414214 1 1.414214 2.414214 2.828427 3.414214 2.828427 2.414214 1.414214 1 -1 -1 -1.414214 -2.414214 -2.828427 -2.414214 -1.414214 -1
-1.414214 -1 -1 -1.414214 -1 -1.414214 -2 -1 1 -1 -2 -2 -2.414214 -2.414214 -1.414214 -1 -1.414214 -1 -1 -1 1 -1 -1 1 1 1.414214 2 2 1 -1 1 2 2.414214 2 2.414214 2.828427 3 2 1 -1 1 2 3 4 4.414214 3.414214 2.414214 1.414214 1 -1 1 1.414214 1 1.414214 2.414214 2.828427 2.414214 2 2.414214 2.828427 3.828427 3.414214 2.414214 1.414214 1 -1 -1.414214 -1.414214 -1 -1.414214 -2.414214 -1.414214 -1 1
-2 -1 1 -1 1 -1 -2 -1.414214 -1 -1.414214 -2.414214 -3 -3 -2 -1 1 -1 -1 -1.414214 -1 -1 -1 1 1.414214 2 2.414214 2.828427 2.414214 1.414214 1 1.414214 2.414214 1.414214 1 1.414214 2.414214 2.414214 2 1.414214 1 1.414214 2.414214 3.414214 4.414214 4 3 2 1 -1 -1 1 2 2 2.414214 2.828427 3.828427 3.414214 3 3.414214 3.828427 4 3 2 1 -1 1 -1 -1 1 -1 -2 -1 1 1
-2.414214 -1.414214 -1 -1.414214 -1 -1.414214 -2.414214 -2.414214 -2 -2.414214 -2.828427 -2.828427 -2.414214 -2 -1.414214 -1 -1 1 -1 1 1 1 1.414214 2.414214 2.414214 2 2.414214 2.828427 2.414214 2 2.414214 2 1 -1 1 2 1.414214 1 1 1.414214 2.414214 2.828427 3.828427 4.828427 4.414214 3.414214 2.414214 1.414214 1 1 1.414214 2.414214 3 3.414214 3.828427 4.24264 3.828427 3.414214 3 3.414214 3.828427 3.414214 2.414214 1.414214 1 1 -1 -1 1 -1 -2 -1.414214 -1 1
