temp/random_landscape_habdist.asc
north: 512
south: 0
east: 512
west: 0
rows: 512
cols: 512
[rows 429 to 461 of 512, columns 222 to 295 of 512]
-2.414214 -2.414214 -1.414214 -1 1 1.414214 1 1 -1 -1 -1 -1.414214 -2.414214 -3 -2 -1 1 1.414214 2.414214 2 1.414214 1 -1 -1.414214 -2 -2.414214 -2.828427 -3.828427 -4.828427 -5.656854 -6.24264 -6.656854 -6.656854 -5.656854 -5.24264 -4.24264 -3.828427 -3.414214 -3 -3.414214 -3.828427 -4 -4.414214 -4.828427 -5.24264 -5.414214 -4.414214 -3.414214 -2.414214 -1.414214 -1 -1.414214 -2.414214 -2 -1 1 -1 -2 -3 -3.414214 -3 -3 -2 -1 1 1.414214 1.414214 1 -1 1 -1 1 -1 -1.414214
-3.414214 -2.828427 -2.414214 -1.414214 -1 1 1 -1 -1 -1 -1.414214 -2.414214 -2.828427 -3.414214 -2.414214 -1.414214 -1 1 2 2 1 -1 1 -1 -2 -2.414214 -2.828427 -3.828427 -4.24264 -5.24264 -6.24264 -7.24264 -6.24264 -5.24264 -4.24264 -3.828427 -3.414214 -3 -3.414214 -3.828427 -4.24264 -5 -5.414214 -5.24264 -4.828427 -4.414214 -4 -3 -2 -1 1 -1 -2 -2.414214 -1.414214 -1 -1.414214 -2.414214 -2.828427 -2.414214 -2 -2 -2 -1.414214 -1 1 1.414214 1.414214 1 -1 -1 1 -1 -1
-3 -3.414214 -2.828427 -2.414214 -1.414214 -1 -1 1 1 1 -1 -2 -3 -2.828427 -2.414214 -2 -1 1 2 2 1 -1 -1 -1.414214 -1 -1.414214 -2.414214 -2.828427 -3.828427 -4.828427 -5.828427 -6.24264 -5.828427 -4.828427 -3.828427 -2.828427 -2.414214 -2 -2.414214 -2.828427 -3.828427 -4.828427 -5.24264 -4.24264 -3.828427 -3.414214 -3 -3.414214 -2.414214 -1.414214 -1 -1.414214 -2.414214 -2.828427 -2.414214 -2 -2.414214 -2.828427 -2.414214 -1.414214 -1 -1 -1 -1.414214 -1.414214 -1 1 2 1.414214 1 -1 1 -1 -1
-2 -2.414214 -2.828427 -2.828427 -2.414214 -2 -1.414214 -1 1 1 -1 -2 -3 -2.414214 -1.414214 -1 -1 1 2 2 1 -1 -1 -1 1 -1 -1.414214 -2.414214 -3.414214 -4.414214 -4.828427 -5.24264 -4.828427 -4.414214 -3.414214 -2.414214 -1.414214 -1 -1.414214 -2.414214 -3.414214 -4.414214 -4.24264 -3.828427 -2.828427 -2.414214 -2 -2.414214 -2.828427 -2.414214 -1.414214 -1 -1.414214 -2.414214 -2.828427 -2.414214 -2 -2.414214 -2 -1 1 1 1 -1 -1 1 1 1.414214 1 -1 1 -1 1 1
-1 -1.414214 -2.414214 -3.414214 -2.828427 -2.414214 -2 -1.414214 -1 -1 -1.414214 -2.414214 -3 -2 -1 1 1 1 1 1.414214 1 -1 1 1 -1 1 -1 -2 -3 -3.414214 -3.828427 -4.24264 -3.828427 -3.414214 -3 -2 -1 1 -1 -2 -3 -4 -3.828427 -2.828427 -2.414214 -1.414214 -1 -1.414214 -2.414214 -2 -1 1 -1 -2 -2.414214 -1.414214 -1 -1.414214 -2 -1 1 1 -1 -1.414214 -1 1 -1 1 1 -1 1 -1 -1 -1
1 -1 -2 -3 -2.414214 -1.414214 -1 -1.414214 -2 -2 -2.414214 -2.828427 -3.414214 -2.414214 -1.414214 -1 -1 -1 -1 1 1.414214 1 1 -1 -1.414214 -1 -1.414214 -2.414214 -2 -2.414214 -2.828427 -3.828427 -2.828427 -2.414214 -2 -2 -1.414214 -1 -1.414214 -2.414214 -3.414214 -4.24264 -3.414214 -2.414214 -1.414214 -1 1 -1 -2 -2.414214 -1.414214 -1 -1.414214 -2.414214 -2 -1 1 -1 -2 -1.414214 -1 -1 -1.414214 -1 1 -1 -1.414214 -1 -1 -1.414214 -1 -1.414214 -1 1
-1 -1.414214 -2.414214 -2.828427 -2 -1 1 -1 -1 -1.414214 -2 -2.414214 -2.828427 -2.828427 -2.414214 -2 -2 -2 -1 1 1 -1 1 -1 -1 -1.414214 -2.414214 -1.414214 -1 -1.414214 -2.414214 -3 -2.414214 -1.414214 -1 -1 -1.414214 -1 -1.414214 -2.414214 -3.414214 -3.828427 -2.828427 -2 -1 1 -1 -1.414214 -2.414214 -2.828427 -2.414214 -2 -2.414214 -2.828427 -2.414214 -1.414214 -1 -1.414214 -2.414214 -2.414214 -2 -2 -2.414214 -1.414214 -1 -1.414214 -2 -2 -2 -2.414214 -2 -1.414214 -1 1
-1.414214 -1 -1.414214 -2.414214 -1.414214 -1 1 -1 1 -1 -1 -1.414214 -2 -2.414214 -2.828427 -3 -3 -2.414214 -1.414214 -1 1 1 1.414214 1 1 -1 -2 -1 1 -1 -2 -2 -2 -1 1 1 -1 1 -1 -2 -3 -3.414214 -2.414214 -1.414214 -1 -1 -1.414214 -2.414214 -2.828427 -3.828427 -3.414214 -3 -3 -3.414214 -2.828427 -2.414214 -2 -2.414214 -2.828427 -3.414214 -3 -3 -2.828427 -2.414214 -2 -1.414214 -1 -1.414214 -2 -2.414214 -2 -1 1 1
-1 1 -1 -1.414214 -1 1 -1 1 1.414214 1 1 -1 -1 -1.414214 -2.414214 -2 -2.414214 -2.828427 -2.414214 -1.414214 -1 1 1 -1 -1 -1.414214 -1 -1 -1 -1.414214 -1.414214 -1 -1.414214 -1 -1 -1 -1.414214 -1 -1.414214 -2.414214 -3.414214 -3 -2 -1 1 1 -1 -1.414214 -2.414214 -3.414214 -2.828427 -2.414214 -2 -2.414214 -2.828427 -3.414214 -3 -3.414214 -3.828427 -4.24264 -4 -4 -3.828427 -3 -2 -1 1 -1 -1 -1.414214 -2.414214 -1.414214 -1 -1
-1.414214 -1 -1.414214 -1 1 -1 1 1 1.414214 1 -1 -1 1 -1 -1.414214 -1 -1.414214 -2.414214 -2 -1.414214 -1 1 1 -1 -1.414214 -1 1 1 -1 -2 -1 1 -1 1 -1 -2 -2.414214 -2 -2.414214 -2.828427 -3.828427 -3 -2 -1 1 -1 1 -1 -2 -3 -2.414214 -1.414214 -1 -1.414214 -2.414214 -3.414214 -4 -4.414214 -4.828427 -5.24264 -5 -5 -4.24264 -3.414214 -2.414214 -1.414214 -1 -1 1 -1 -2 -2.414214 -2 -2
-1 1 -1 1 1 -1 -1 -1 1 1 1 -1 1 -1 -1 1 -1 -1.414214 -1 -1 1 1.414214 1.414214 1 -1 -1 1 -1 -1 -1 -1 1 1 -1 -1 -1 -1.414214 -2.414214 -3 -3.414214 -3.828427 -3 -2 -1 1 -1 -1 -1.414214 -2 -2.414214 -2 -1 1 -1 -2 -3 -4 -5 -5.828427 -6.24264 -5.24264 -4.24264 -3.828427 -2.828427 -2.414214 -2 -2 -1.414214 -1 -1 -1.414214 -2.414214 -3 -2.828427
-1.414214 -1 1 1 -1 -1 -1.414214 -1 1 -1 -1 1 1 -1 -1.414214 -1 -1.414214 -1 1 -1 1 2 1.414214 1 1 -1 1 -1 1 1 1 1 1 -1 1 1 -1 -2 -2 -2.414214 -2.828427 -3.414214 -2.414214 -1.414214 -1 -1 -1.414214 -1.414214 -1 -1.414214 -2.414214 -1.414214 -1 -1.414214 -2.414214 -3.414214 -4.414214 -5.414214 -6.414214 -5.828427 -4.828427 -3.828427 -2.828427 -2.414214 -1.414214 -1 -1.414214 -2 -1 1 -1 -2 -3 -3.828427
-2.414214 -1.414214 -1 -1 -1 1 -1 -1.414214 -1 1 -1 -1 -1 -1.414214 -2.414214 -2 -2.414214 -1.414214 -1 -1 1 1 1 -1 -1 -1.414214 -1 1 1 -1 -1 -1 -1 -1.414214 -1 -1 -1 -1.414214 -1 -1.414214 -2.414214 -3.414214 -2.828427 -2 -1 1 -1 -1 1 -1 -1.414214 -2.414214 -2 -2.414214 -2.828427 -3.828427 -4.828427 -5.828427 -6.414214 -5.414214 -4.414214 -3.414214 -2.414214 -1.414214 -1 1 -1 -1.414214 -1.414214 -1 -1.414214 -2 -2.414214 -2.828427
-2.828427 -2.414214 -2 -1 1 -1 -1.414214 -2.414214 -1.414214 -1 -1.414214 -2 -2 -2.414214 -2.828427 -3 -2.828427 -2.414214 -2 -1.414214 -1 -1 -1 -1.414214 -2 -2.414214 -1.414214 -1 -1 -1.414214 -2 -1 1 -1 -2 -1 1 -1 1 -1 -2 -3 -3.414214 -2.414214 -1.414214 -1 -1.414214 -1 1 1 -1 -1.414214 -2.414214 -3.414214 -3.828427 -4.24264 -5.24264 -6.24264 -6 -5 -4 -3 -2 -1 1 1.414214 1 -1 -1.414214 -1 -1.414214 -1 -1.414214 -2.414214
-3.414214 -2.414214 -1.414214 -1 -1 -1.414214 -2.414214 -2.828427 -2.414214 -2 -2.414214 -2.828427 -3 -3.414214 -3.828427 -4 -3.828427 -3.414214 -2.828427 -2.414214 -2 -2 -2 -2.414214 -2.828427 -2.828427 -2.414214 -2 -2 -2.414214 -2.414214 -1.414214 -1 -1.414214 -2.414214 -1.414214 -1 -1.414214 -1 -1.414214 -2.414214 -3.414214 -3.828427 -2.828427 -2.414214 -2 -2 -1 1 1 1 -1 -2 -3 -4 -5 -5.656854 -6.656854 -6.414214 -5.414214 -4.414214 -3.414214 -2.414214 -1.414214 -1 1 -1 -1.414214 -1 1 -1 1 -1 -2
-3 -2 -1 1 -1 -2 -2.828427 -3.828427 -3.414214 -3 -3.414214 -3.828427 -4 -4.414214 -4.828427 -5 -4.828427 -4.24264 -3.828427 -3.414214 -3 -3 -3 -3.414214 -3.828427 -3.828427 -3.414214 -3 -3 -3.414214 -2.828427 -2.414214 -2 -2.414214 -2.828427 -2.414214 -2 -2.414214 -2 -2.414214 -2.828427 -3.828427 -4.24264 -3.828427 -3.414214 -3 -2.414214 -1.414214 -1 -1 -1 -1.414214 -2.414214 -3.414214 -4.414214 -5.414214 -6.414214 -7.071068 -6.828427 -5.828427 -4.828427 -3.828427 -2.828427 -2.414214 -1.414214 -1 -1.414214 -1 -1.414214 -1 -1 -1 -1.414214 -2.414214
-3.414214 -2.414214 -1.414214 -1 -1.414214 -2 -2.414214 -2.828427 -3.828427 -4 -4.414214 -4.828427 -5 -5.414214 -5.828427 -6 -5.656854 -5.24264 -4.828427 -4.414214 -4 -4 -4 -4.414214 -4.828427 -4.828427 -4.414214 -4 -4 -4.24264 -3.828427 -3.414214 -3 -3.414214 -3.828427 -3.414214 -3 -3.414214 -3 -3.414214 -3.828427 -4.24264 -5.24264 -4.828427 -4.414214 -3.828427 -2.828427 -2.414214 -2 -2 -2 -2.414214 -2.828427 -3.828427 -4.828427 -5.828427 -6.828427 -7.414214 -6.656854 -5.656854 -5.24264 -4.24264 -3.828427 -2.828427 -2.414214 -2 -1 1 -1 1 1 -1 -1.414214 -2
-3.828427 -2.828427 -2.414214 -2 -1.414214 -1 -1.414214 -2.414214 -3.414214 -4.414214 -5.414214 -5.828427 -6 -6.414214 -6.828427 -7 -6.656854 -6.24264 -5.828427 -5.414214 -5 -5 -5 -5.414214 -5.828427 -5.828427 -5.414214 -5 -5 -5.24264 -4.828427 -4.414214 -4 -4.414214 -4.828427 -4.414214 -4 -4.414214 -4 -4.414214 -4.828427 -5.24264 -5.656854 -5.828427 -5.24264 -4.24264 -3.828427 -3.414214 -3 -3 -3 -3.414214 -3.828427 -4.24264 -5.24264 -6.24264 -6 -6.414214 -6.24264 -5.24264 -4.24264 -3.828427 -3.414214 -3 -3.414214 -2.414214 -1.414214 -1 1 1 -1 1 -1 -1
-3.828427 -3.828427 -3 -2 -1 1 -1 -2 -3 -4 -5 -6 -7 -7.414214 -7.828427 -8 -7.656854 -7.24264 -6.828427 -6.414214 -6 -6 -6 -6.414214 -6.828427 -6.828427 -6.414214 -6 -6 -6.24264 -5.828427 -5.414214 -5 -5.414214 -5.828427 -5.414214 -5 -5.414214 -5 -5.414214 -5.828427 -6.24264 -6.656854 -6.656854 -5.656854 -5.24264 -4.828427 -4.414214 -4 -4 -4 -4.414214 -4.828427 -5.24264 -5.656854 -5.414214 -5 -5.414214 -5.828427 -4.828427 -3.828427 -2.828427 -2.414214 -2 -2.414214 -2.828427 -2 -1 1 -1 -1 1 -1 1
-2.828427 -3.828427 -3.414214 -2.414214 -1.414214 -1 -1.414214 -2.414214 -3.414214 -4.414214 -5.414214 -6.414214 -7.414214 -8.414213 -8.828427 -9 -8.656855 -8.24264 -7.828427 -7.414214 -7 -7 -7 -7.414214 -7.656854 -7.24264 -6.828427 -6.414214 -6 -6.414214 -6.828427 -6.414214 -6 -6.414214 -6.828427 -6.414214 -6 -6.414214 -6 -6.414214 -6.828427 -7.24264 -7.656854 -7.071068 -6.656854 -6.24264 -5.828427 -5.414214 -5 -5 -5 -5.414214 -5.656854 -5.24264 -4.828427 -4.414214 -4 -4.414214 -4.828427 -4.414214 -3.414214 -2.414214 -1.414214 -1 -1.414214 -2.414214 -2.414214 -1.414214 -1 1 -1 1 -1 1
-2.414214 -3.414214 -3.828427 -2.828427 -2.414214 -2 -2.414214 -2.828427 -3.828427 -4.828427 -5.828427 -6.828427 -7.828427 -8.828427 -9.828427 -10 -9.656855 -9.24264 -8.828427 -8.414213 -8 -8 -8 -7.071068 -6.656854 -6.24264 -5.828427 -5.414214 -5 -5.414214 -5.828427 -6.24264 -6.656854 -7.071068 -7.828427 -7.414214 -7 -7.414214 -7 -7.414214 -7.828427 -7.071068 -6.656854 -6.24264 -5.828427 -5.414214 -5 -5.414214 -5.828427 -6 -6 -6.24264 -5.24264 -4.24264 -3.828427 -3.414214 -3 -3.414214 -3.828427 -4 -3 -2 -1 1 -1 -2 -2 -2.414214 -1.414214 -1 -1 1 1 1.414214
-2 -3 -4 -3.828427 -3.414214 -3 -3.414214 -3.828427 -4.24264 -5.24264 -6.24264 -7.24264 -8.24264 -9.24264 -10.24264 -11 -10.656855 -10.24264 -9.828427 -9.414213 -9 -8.656855 -7.656854 -6.656854 -5.656854 -5.24264 -4.828427 -4.414214 -4 -4.414214 -4.828427 -5.24264 -5.656854 -6.656854 -7.656854 -8.414213 -8 -8.414213 -8 -8.414213 -7.656854 -6.656854 -5.656854 -5.24264 -4.828427 -4.414214 -4 -4.414214 -4.828427 -5.24264 -5.656854 -5.828427 -4.828427 -3.828427 -2.828427 -2.414214 -2 -2.414214 -2.828427 -3.828427 -3.414214 -2.414214 -1.414214 -1 -1.414214 -1.414214 -1 -1.414214 -1.414214 -1 1 -1 -1 1
-2.414214 -3.414214 -4.414214 -4.828427 -4.414214 -4 -4.414214 -4.828427 -5.24264 -5.656854 -6.656854 -7.656854 -8.656855 -9.656855 -10.656855 -11.656855 -11.24264 -10.828427 -10.414213 -10 -9.24264 -8.24264 -7.24264 -6.24264 -5.24264 -4.24264 -3.828427 -3.414214 -3 -3.414214 -3.828427 -4.24264 -5.24264 -6.24264 -7.24264 -8.24264 -9 -9.414213 -9 -8.24264 -7.24264 -6.24264 -5.24264 -4.24264 -3.828427 -3.414214 -3 -3.414214 -3.828427 -4.24264 -5 -5.414214 -4.414214 -3.414214 -2.414214 -1.414214 -1 -1.414214 -2.414214 -3.414214 -3.828427 -2.828427 -2.414214 -2 -2 -1 1 -1 -1 1 -1 -1 1 -1
-2.828427 -3.828427 -4.828427 -5.828427 -5.414214 -5 -5.414214 -5.828427 -6.24264 -6.656854 -7.071068 -8.071068 -9.071068 -10.071068 -11.071068 -10.656855 -10.24264 -9.828427 -9.414213 -9 -8.828427 -7.828427 -6.828427 -5.828427 -4.828427 -3.828427 -2.828427 -2.414214 -2 -2.414214 -2.828427 -3.828427 -4.828427 -5.828427 -6.828427 -7.828427 -8.828427 -9.828427 -8.828427 -7.828427 -6.828427 -5.828427 -4.828427 -3.828427 -2.828427 -2.414214 -2 -2.414214 -2.828427 -3.828427 -4 -4.414214 -4 -3 -2 -1 1 -1 -2 -2.414214 -2.828427 -3.828427 -3.414214 -3 -2 -1 1 -1 -1.414214 -1 -1 1 1 -1
-3.828427 -4.24264 -5.24264 -6.24264 -6.414214 -6 -6.414214 -6.828427 -7.24264 -7.656854 -8.071068 -8.485281 -9.485281 -10.485281 -10.071068 -9.656855 -9.24264 -8.828427 -8.414213 -8 -8.414213 -7.414214 -6.414214 -5.414214 -4.414214 -3.414214 -2.414214 -1.414214 -1 -1.414214 -2.414214 -3.414214 -4.414214 -5.414214 -6.414214 -7.414214 -8.414213 -9.414213 -8.414213 -7.414214 -6.414214 -5.414214 -4.414214 -3.414214 -2.414214 -1.414214 -1 -1.414214 -2.414214 -3.414214 -3 -3.414214 -3.828427 -3.414214 -2.414214 -1.414214 -1 -1.414214 -1 -1.414214 -2.414214 -3.414214 -4.414214 -3.414214 -2.414214 -1.414214 -1 1 -1 -2 -1.414214 -1 -1 1
-4.828427 -5.24264 -5.656854 -6.656854 -7.414214 -7 -7.414214 -7.828427 -8.24264 -8.656855 -9.071068 -9.485281 -9.899495 -9.485281 -9.071068 -8.656855 -8.24264 -7.828427 -7.414214 -7 -7.414214 -7 -6 -5 -4 -3 -2 -1 1 -1 -2 -3 -4 -5 -6 -7 -8 -9 -8 -7 -6 -5 -4 -3 -2 -1 1 -1 -2 -2.414214 -2 -2.414214 -2.828427 -3.828427 -2.828427 -2.414214 -2 -1 1 -1 -2 -3 -4 -3.828427 -2.828427 -2 -1 1 -1 -2 -2.414214 -2 -1.414214 -1
-5.828427 -6.24264 -6.656854 -7.071068 -8.071068 -8 -8.414213 -8.828427 -9.24264 -9.656855 -10.071068 -9.899495 -9.485281 -8.485281 -8.071068 -7.656854 -7.24264 -6.828427 -6.414214 -6 -6.414214 -6.828427 -6.414214 -5.414214 -4.414214 -3.414214 -2.414214 -1.414214 -1 -1.414214 -2.414214 -3.414214 -4.414214 -5.414214 -6.414214 -7.414214 -8.414213 -8.828427 -8.414213 -7.414214 -6.414214 -5.414214 -4.414214 -3.414214 -2.414214 -1.414214 -1 -1 -1.414214 -1.414214 -1 -1.414214 -2.414214 -3.414214 -3.828427 -3 -2 -1 1 -1 -2 -3 -4 -4.24264 -3.414214 -2.414214 -1.414214 -1 -1.414214 -2.414214 -3.414214 -2.828427 -2.414214 -1.414214
-6.828427 -7.24264 -7.656854 -8.071068 -8.485281 -9 -9.414213 -9.828427 -10.24264 -10 -10 -9.485281 -8.485281 -8.071068 -7.071068 -6.656854 -6.24264 -5.828427 -5.414214 -5 -5.414214 -5.828427 -6 -5.828427 -4.828427 -3.828427 -2.828427 -2.414214 -2 -2.414214 -2.828427 -3.828427 -4.828427 -5.828427 -6.828427 -7.828427 -8.24264 -7.828427 -7.414214 -7 -6 -5 -4 -3 -2 -1 1 1 -1 -1 1 -1 -2 -3 -4 -3.414214 -2.414214 -1.414214 -1 -1.414214 -2.414214 -3.414214 -4.414214 -4.828427 -3.828427 -2.828427 -2.414214 -2 -2.414214 -2.828427 -3.828427 -3 -2 -1
-7.828427 -8.24264 -8.656855 -9.071068 -9.485281 -9.414213 -9 -9 -9.414213 -9 -9 -9.071068 -8.071068 -7.071068 -6.656854 -5.656854 -5.24264 -4.828427 -4.414214 -4 -4.414214 -4.828427 -5 -5.414214 -5.24264 -4.24264 -3.828427 -3.414214 -3 -3.414214 -3.828427 -4.24264 -5.24264 -6.24264 -7.24264 -7.656854 -7.24264 -6.828427 -6.414214 -6 -6.414214 -5.414214 -4.414214 -3.414214 -2.414214 -1.414214 -1 1 -1 1 -1 -1.414214 -2.414214 -3.414214 -4.414214 -3.828427 -2.828427 -2.414214 -2 -2.414214 -2.828427 -3.828427 -4.828427 -5.24264 -4.24264 -3.828427 -3.414214 -3 -3.414214 -3.828427 -4.24264 -3.414214 -2.414214 -1.414214
-8.828427 -9.24264 -9.656855 -9.24264 -8.828427 -8.414213 -8 -8 -8.414213 -8 -8 -8.071068 -7.656854 -6.656854 -5.656854 -5.24264 -4.24264 -3.828427 -3.414214 -3 -3.414214 -3.828427 -4 -4.414214 -4.828427 -5 -4.828427 -4.414214 -4 -4.414214 -4.828427 -5.24264 -5.656854 -6.656854 -7.071068 -6.656854 -6.24264 -5.828427 -5.414214 -5 -5.414214 -5 -4 -3 -2 -1 1 -1 -1.414214 -1 -1.414214 -2.414214 -2.828427 -3.828427 -4 -4.24264 -3.828427 -3.414214 -3 -3.414214 -3.828427 -4.24264 -5.24264 -5.656854 -5.24264 -4.828427 -4.414214 -4 -4.414214 -4.828427 -4.828427 -3.828427 -2.828427 -2.414214
-9.485281 -9.071068 -8.656855 -8.24264 -7.828427 -7.414214 -7 -7 -7.414214 -7 -7 -7.071068 -6.656854 -6.24264 -5.24264 -4.24264 -3.828427 -2.828427 -2.414214 -2 -2.414214 -2.828427 -3 -3.414214 -3.828427 -4 -4.414214 -4.828427 -5 -5.414214 -5.828427 -6.24264 -6.656854 -7.071068 -6.656854 -5.656854 -5.24264 -4.828427 -4.414214 -4 -4.414214 -4.828427 -4.414214 -3.414214 -2.414214 -1.414214 -1 -1.414214 -2.414214 -2 -2.414214 -2.828427 -3.828427 -3.414214 -3 -3.414214 -3.828427 -4.24264 -4 -4.414214 -4.828427 -5.24264 -5.656854 -6.656854 -6.24264 -5.828427 -5.414214 -5 -5.414214 -5.828427 -5 -4 -3 -2
-8.485281 -8.071068 -7.656854 -7.24264 -6.828427 -6.414214 -6 -6 -6.414214 -6 -6 -6.414214 -5.656854 -5.24264 -4.828427 -3.828427 -2.828427 -2.414214 -1.414214 -1 -1.414214 -2.414214 -2 -2.414214 -2.828427 -3 -3.414214 -3.828427 -4.24264 -5.24264 -6.24264 -7.24264 -6.828427 -6.414214 -6 -5.24264 -4.24264 -3.828427 -3.414214 -3 -3.414214 -3.828427 -4.24264 -3.828427 -2.828427 -2.414214 -2 -2.414214 -2 -2.414214 -2.828427 -3.828427 -2.828427 -2.414214 -2 -2.414214 -2.828427 -3.828427 -4.828427 -5.414214 -5.828427 -6.24264 -6.656854 -7.071068 -7.24264 -6.828427 -6.414214 -6 -6.414214 -6.414214 -5.414214 -4.414214 -3.414214 -2.414214
-8.071068 -7.071068 -6.656854 -6.24264 -5.828427 -5.414214 -5 -5 -5.414214 -5 -5 -5.414214 -5.24264 -4.24264 -3.828427 -3.414214 -2.414214 -1.414214 -1 1 -1 -1.414214 -1 -1.414214 -2.414214 -2 -2.414214 -2.828427 -3.828427 -4.828427 -5.828427 -6.24264 -5.828427 -5.414214 -5 -4.828427 -3.828427 -2.828427 -2.414214 -2 -2.414214 -2.828427 -3.828427 -4.24264 -3.828427 -3.414214 -2.414214 -1.414214 -1 -1.414214 -2.414214 -3.414214 -2.414214 -1.414214 -1 -1.414214 -2.414214 -3.414214 -4.414214 -5.414214 -6.414214 -7.24264 -7.656854 -8.071068 -8.24264 -7.828427 -7.414214 -7 -7.414214 -6.828427 -5.828427 -4.828427 -3.828427 -2.828427
