temp/random_landscape_hqmqlq_quality.asc
north: 512
south: 0
east: 512
west: 0
rows: 512
cols: 512
[rows 365 to 437 of 512, columns 384 to 479 of 512]
79 57 57 57 57 57 57 77 57 57 57 57 90 57 57 57 57 57 57 57 75 57 57 57 57 57 57 75 75 57 57 57 57 57 57 57 57 57 57 0 57 57 57 0 0 57 57 0 0 57 0 0 0 57 57 57 57 57 86 57 57 57 57 57 57 86 86 86 86 0 0 57 0 57 57 57 57 57 57 57 57 57 95 95 57 57 57 57 95 57 95 57 57 57 57 57
79 79 0 57 0 57 77 57 57 57 57 90 57 57 57 57 57 57 57 57 57 57 80 57 57 75 75 75 75 57 57 75 75 75 57 57 0 57 57 57 57 57 0 57 57 0 0 57 57 57 57 57 57 57 57 57 57 57 86 86 86 86 86 86 86 86 86 86 57 57 57 57 57 57 57 57 57 57 57 57 57 57 95 57 57 57 0 57 95 95 57 57 57 57 57 57
79 79 57 57 57 57 57 77 57 57 57 57 57 57 57 57 57 57 57 57 57 57 57 57 75 75 75 75 75 75 75 75 75 75 57 57 57 57 57 57 57 0 0 57 0 0 0 57 57 57 57 57 57 57 57 57 57 57 86 86 86 86 86 86 86 86 86 86 86 57 57 57 57 57 57 57 57 0 57 57 57 95 57 95 57 95 57 57 57 57 57 0 57 57 57 0
79 79 79 79 57 57 57 57 57 57 57 57 0 57 0 0 57 57 57 57 0 57 57 75 75 57 57 57 75 75 75 75 75 75 75 57 57 57 0 57 57 0 0 57 0 0 57 57 57 57 57 57 57 57 57 86 86 86 86 86 86 86 86 86 86 86 86 86 86 86 86 57 57 57 57 57 0 0 57 57 57 57 57 57 95 95 95 57 57 57 57 0 57 57 97 57
79 79 79 79 79 79 57 57 79 79 57 57 57 57 0 57 57 57 57 57 57 57 57 57 75 57 90 57 57 75 75 75 75 75 57 57 57 57 0 57 57 57 57 57 57 57 57 84 57 57 57 78 57 57 57 86 86 43 86 86 86 57 86 86 86 86 86 86 86 86 86 57 57 57 57 0 0 0 57 57 57 57 0 57 57 57 57 57 57 57 0 57 97 97 57 57
79 57 79 79 79 79 79 79 79 57 79 79 79 57 57 57 57 57 57 72 72 72 57 57 57 57 57 57 57 75 75 57 57 57 57 57 57 57 57 57 57 57 84 57 84 84 84 57 57 57 78 57 0 57 57 86 86 43 43 86 86 57 86 86 86 86 86 86 86 86 86 86 86 86 0 57 0 0 57 57 57 0 57 57 0 57 86 86 57 57 57 57 57 97 97 97
57 79 79 79 79 79 79 67 79 57 57 79 57 57 57 57 57 57 72 57 72 72 57 72 57 99 57 57 57 75 75 57 57 57 57 57 57 57 57 57 0 57 57 84 84 84 57 57 57 57 78 57 57 78 57 57 86 86 86 86 57 86 86 86 86 86 86 86 86 86 86 86 86 86 57 86 57 57 57 0 57 0 57 0 0 0 57 57 57 0 57 57 97 97 57 97
57 57 57 57 79 79 79 79 79 79 79 57 57 57 57 57 72 72 72 72 72 57 72 57 57 57 57 57 57 75 75 57 85 57 57 57 99 57 57 57 57 57 57 84 84 57 0 57 0 57 78 78 78 78 57 57 57 57 57 57 57 86 57 86 86 86 68 86 86 86 86 86 86 86 86 86 57 86 57 57 57 57 57 0 0 0 57 57 57 0 0 57 57 57 97 57
57 57 57 57 79 57 79 57 79 57 57 57 57 57 57 72 57 57 72 57 72 57 72 57 57 57 57 57 57 57 57 57 57 57 71 57 57 57 57 57 57 57 57 84 84 57 57 57 57 57 57 57 78 78 78 57 0 57 57 57 57 57 57 86 86 86 86 86 86 64 64 86 86 86 86 86 86 86 57 0 57 57 57 0 0 57 57 0 57 57 57 57 57 57 57 57
57 57 57 57 57 57 57 57 79 57 57 57 57 72 72 57 57 57 57 57 57 72 72 57 57 57 57 57 57 99 57 57 57 57 57 57 57 57 57 57 57 57 84 84 57 57 57 57 84 57 57 57 57 78 57 57 0 57 57 57 57 57 86 57 86 86 86 86 86 64 64 86 86 86 86 86 57 57 57 57 57 0 0 57 0 0 57 57 57 57 57 57 0 57 57 92
80 80 80 80 80 80 57 79 79 57 57 57 57 57 72 57 57 0 57 57 57 72 57 0 57 57 74 57 57 57 57 57 57 57 57 57 57 0 57 57 57 57 57 57 57 57 57 57 57 84 57 57 57 78 57 57 0 0 57 57 57 57 57 86 57 86 86 86 64 86 64 0 53 86 86 86 86 57 57 80 57 57 57 57 57 0 57 0 57 57 57 57 57 57 0 57
57 57 57 80 57 57 57 57 57 57 57 0 57 57 57 57 57 57 57 57 57 57 57 57 57 57 57 57 0 57 57 57 0 0 0 0 0 57 0 57 0 57 57 0 57 0 57 0 57 84 84 57 57 57 57 0 57 57 57 57 57 57 57 57 57 86 86 86 86 86 86 86 86 86 57 57 86 57 80 57 80 57 83 57 57 57 57 0 57 57 57 57 0 0 0 57
57 57 57 57 57 57 57 57 57 57 57 57 57 57 85 57 57 57 57 57 57 57 57 57 57 88 57 57 57 0 0 57 57 0 60 60 0 0 57 57 57 57 57 57 57 57 57 57 57 57 57 84 84 84 57 57 57 57 57 84 84 57 86 86 86 86 50 50 86 86 86 57 57 86 86 86 57 57 57 80 57 57 57 57 90 57 57 57 57 57 57 57 57 0 0 57
57 57 85 57 57 57 57 57 57 77 77 57 57 57 57 0 0 57 57 57 57 57 57 57 0 57 57 57 57 57 0 0 0 0 60 0 0 57 57 57 57 57 57 57 57 57 57 57 57 57 57 84 84 84 57 57 57 57 84 84 84 57 57 57 57 86 86 50 86 86 86 86 86 86 86 57 86 57 57 57 57 0 0 57 57 57 57 0 0 57 57 0 0 57 0 57
0 57 57 85 57 57 57 57 57 57 77 77 77 57 57 57 57 57 57 98 57 57 57 57 57 57 57 57 0 57 57 0 0 0 0 0 0 57 57 57 57 57 57 57 57 57 57 84 57 57 57 57 57 84 57 84 84 84 84 84 84 57 57 86 86 86 86 86 86 86 86 86 86 86 86 86 57 57 57 57 57 57 0 57 93 57 57 57 57 57 57 57 0 57 0 57
57 57 85 57 85 57 85 57 0 57 57 57 77 57 57 57 57 57 57 57 57 57 57 57 0 57 57 57 0 0 57 0 0 55 0 57 57 57 73 57 86 57 57 74 57 57 84 84 84 84 84 57 57 57 84 84 84 84 57 57 57 57 57 57 57 57 86 86 86 86 86 86 86 86 86 86 86 57 57 57 0 57 57 57 93 57 57 0 0 57 57 57 57 57 57 0
57 57 57 57 57 85 57 57 57 0 57 57 57 57 97 57 57 57 57 57 57 57 57 57 57 57 57 0 0 0 0 0 0 0 0 57 57 57 57 57 86 57 57 0 57 57 57 84 57 57 84 84 84 84 84 57 84 84 57 84 57 57 57 97 57 57 86 57 86 86 86 86 86 86 57 57 57 57 57 57 57 70 57 57 57 0 57 0 0 92 57 0 57 0 0 0
82 57 57 57 57 57 57 57 57 0 57 57 57 57 57 57 57 57 57 0 57 0 0 0 57 0 57 57 0 0 0 60 0 0 57 57 57 57 93 57 86 57 57 57 57 84 57 84 84 57 57 84 57 84 84 84 57 84 84 84 57 57 57 57 0 57 86 86 57 57 57 86 57 57 57 57 86 57 57 86 57 57 57 57 0 0 0 0 0 57 57 0 57 0 0 0
82 82 57 57 57 57 57 0 57 0 57 57 57 57 57 57 57 57 57 0 0 0 0 0 0 0 57 0 0 0 0 0 0 0 0 57 57 57 57 57 57 0 57 57 57 84 84 57 84 84 57 57 57 84 84 84 84 57 84 84 57 57 57 57 57 57 57 57 57 57 57 86 86 86 86 86 86 57 86 86 86 86 57 57 0 0 57 57 57 57 57 0 0 0 0 0
82 82 57 57 0 0 0 57 57 57 57 75 57 57 57 57 78 57 57 57 57 0 0 0 0 0 0 0 0 0 0 0 0 0 0 0 0 57 57 57 0 0 0 57 57 57 57 57 57 57 84 57 57 84 84 84 84 84 84 84 84 57 57 57 57 57 57 57 57 57 57 57 86 86 86 86 57 86 86 86 86 86 57 57 0 57 57 0 0 57 57 0 0 0 0 57
82 82 57 57 57 57 0 0 57 57 57 57 57 57 57 78 57 78 57 57 57 0 0 0 0 0 0 0 0 0 0 0 0 0 0 0 0 0 57 57 57 57 57 0 57 57 57 57 57 57 57 57 57 84 84 84 84 84 84 84 57 57 57 57 57 57 98 57 57 57 57 57 57 57 57 86 57 86 86 86 86 86 57 57 57 57 57 57 0 0 0 0 57 0 57 57
82 57 57 57 88 57 57 0 57 0 0 57 83 57 57 0 57 57 57 57 57 0 0 0 0 0 0 0 0 0 0 0 0 0 0 0 0 57 57 0 57 57 0 57 57 57 86 86 57 57 78 78 57 84 84 84 84 84 84 84 84 57 57 57 57 57 98 57 57 57 57 57 57 57 57 57 57 57 57 86 86 86 57 57 57 57 57 57 91 57 0 57 57 57 57 57
57 57 57 57 0 0 0 0 57 57 0 57 57 57 57 57 57 57 57 57 57 57 0 0 0 0 0 0 0 0 0 0 0 0 0 0 0 0 0 0 57 0 57 0 57 57 57 57 0 0 57 57 57 84 84 84 84 84 84 84 84 84 57 57 98 98 57 57 57 57 57 57 84 84 57 57 57 57 57 57 57 57 57 0 57 57 57 57 57 57 57 57 57 0 57 57
57 57 57 57 0 57 0 57 57 57 0 57 57 57 57 57 57 57 0 57 0 0 0 0 0 0 0 0 0 41 41 0 0 0 0 0 0 0 0 0 0 0 0 0 85 57 57 0 0 0 57 57 57 57 84 57 84 84 84 84 84 84 57 57 57 98 98 98 57 57 0 57 57 57 57 57 0 57 57 57 57 57 57 57 0 0 57 57 0 0 57 57 57 57 57 0
57 0 0 0 0 0 57 57 0 0 57 57 78 57 0 0 0 0 57 57 57 57 0 0 0 0 0 0 0 0 0 0 0 0 0 0 0 0 0 0 0 0 0 57 57 0 57 0 0 0 0 0 57 57 57 57 84 50 84 84 84 84 57 57 57 98 98 98 98 57 57 57 57 0 0 0 57 86 86 86 57 57 0 57 57 57 57 57 57 0 57 0 57 57 0 0
57 0 0 0 54 0 0 0 57 0 57 57 57 0 0 0 0 0 0 0 0 0 0 0 0 0 0 0 0 0 0 0 0 0 0 0 0 0 0 0 0 0 0 57 82 0 0 0 0 0 0 0 0 0 57 57 84 84 84 84 57 84 57 57 98 98 98 98 57 57 57 0 57 57 57 0 57 57 86 57 0 0 0 0 0 57 57 57 57 57 0 57 57 57 0 0
57 57 57 0 0 0 0 0 57 0 57 57 57 57 0 0 0 0 0 0 0 0 0 0 0 0 0 0 0 0 0 0 0 0 0 0 0 0 0 0 0 0 0 57 0 0 0 0 0 0 0 0 57 0 57 57 57 57 84 57 57 57 57 98 57 98 57 98 57 57 57 57 57 57 57 57 0 57 57 57 57 0 0 0 0 57 57 57 0 0 57 57 57 57 57 57
57 57 75 0 0 0 57 0 57 57 57 0 0 0 0 0 0 0 0 0 0 0 0 0 0 0 0 0 0 0 0 0 0 0 0 0 0 0 64 0 0 0 0 0 0 0 0 0 0 0 0 0 57 57 84 84 84 84 84 57 57 0 57 98 57 57 98 98 57 57 57 57 0 0 57 57 0 57 0 0 57 0 0 57 57 0 0 0 0 0 57 57 57 57 78 57
57 57 57 57 57 57 0 57 57 0 0 0 0 0 0 56 0 0 0 0 0 0 0 0 0 41 0 0 0 0 0 0 0 0 0 56 0 0 0 0 0 0 0 0 0 0 0 0 0 0 0 57 57 57 57 57 57 57 57 0 57 57 57 98 57 57 98 98 57 98 57 57 57 0 57 57 0 57 57 0 57 57 57 57 57 57 0 0 0 0 0 57 57 78 57 57
57 0 57 57 57 57 57 57 0 0 0 0 0 0 0 0 0 0 0 0 0 0 0 0 0 0 0 0 0 0 0 0 0 0 56 56 0 0 0 0 0 0 0 0 0 0 0 0 0 0 57 0 57 57 0 57 57 57 0 0 57 57 57 57 57 57 98 98 98 57 0 57 57 57 57 57 0 57 57 57 57 57 57 57 57 0 57 57 57 57 0 57 57 57 57 57
57 57 57 0 57 0 0 0 0 0 0 0 0 0 0 0 0 0 0 68 0 0 0 0 0 0 0 0 0 0 0 0 0 0 0 0 0 0 0 0 0 0 0 0 0 0 0 0 0 0 0 0 57 57 0 57 57 57 57 0 57 0 57 57 98 98 98 98 98 57 57 0 0 57 57 57 57 0 0 57 57 57 57 0 57 0 57 0 0 57 57 57 96 57 57 57
57 57 71 0 57 0 0 67 0 0 0 0 0 0 0 0 0 0 0 0 0 0 0 41 41 0 0 0 0 0 0 0 0 0 0 0 0 0 0 0 0 0 0 0 0 0 0 0 0 0 0 0 0 57 57 57 57 57 93 57 57 57 57 57 98 57 98 98 98 98 57 57 57 0 0 57 57 57 0 57 57 0 0 57 57 57 57 0 57 57 96 96 96 57 57 57
57 0 57 0 0 0 67 0 0 0 0 44 0 0 0 0 0 0 0 0 0 0 41 0 0 0 0 0 0 0 0 0 0 0 61 0 0 0 0 0 0 0 0 0 0 0 0 0 0 0 0 0 57 57 57 57 57 57 57 57 0 57 57 57 57 98 98 98 98 98 98 98 57 57 57 57 57 57 0 57 57 57 57 57 57 57 57 0 57 57 57 96 57 57 57 57
57 0 0 57 0 0 67 0 62 0 0 0 0 0 0 0 0 0 0 0 40 0 0 0 0 0 0 0 0 0 0 0 0 0 0 0 0 0 0 0 0 0 0 0 63 0 0 0 0 0 0 0 0 0 57 0 0 57 57 57 0 57 84 57 0 57 98 57 98 57 57 57 0 57 79 57 0 0 0 0 0 57 57 57 57 57 0 57 0 57 57 57 57 57 57 57
0 0 0 57 0 0 0 0 0 0 0 0 0 0 0 0 51 0 0 0 0 0 0 0 0 40 0 0 0 0 0 0 0 63 0 0 0 48 0 0 0 0 0 0 0 0 0 0 0 0 0 0 57 57 57 0 57 0 0 0 0 57 57 0 57 0 57 57 57 98 57 57 57 57 57 57 57 57 57 0 0 57 57 57 0 57 57 57 57 57 57 57 57 57 57 57
0 0 0 0 57 0 52 52 0 0 0 0 0 0 0 0 0 0 0 0 0 0 0 0 0 0 40 0 0 0 0 0 0 0 0 0 48 0 48 0 0 0 0 0 0 0 0 0 0 0 0 57 57 0 0 57 57 0 0 0 0 0 0 0 0 57 0 57 57 98 57 57 57 57 57 57 57 81 57 57 0 0 0 57 0 0 57 57 57 57 57 57 57 57 57 57
0 0 0 0 57 0 0 0 0 0 0 0 0 0 0 0 0 0 0 0 0 0 0 0 0 0 0 0 0 0 0 0 0 0 0 0 0 0 0 0 0 0 0 0 0 0 0 0 0 0 57 57 57 0 0 0 57 0 52 0 52 0 0 0 0 57 57 57 57 57 98 57 57 57 78 57 57 57 57 57 0 0 0 57 0 57 57 57 57 57 57 57 57 82 82 57
0 0 0 0 0 0 0 0 0 0 0 0 0 0 62 0 0 0 0 0 0 0 0 0 0 0 0 0 0 0 0 0 0 0 0 0 0 0 0 0 0 0 45 0 0 45 0 0 44 0 57 57 0 0 0 0 0 0 52 52 52 52 52 0 57 0 57 57 98 98 98 57 57 57 78 78 57 0 57 0 0 0 0 57 57 57 57 57 57 79 57 57 57 57 57 57
0 0 67 0 0 0 0 0 0 0 0 0 0 0 0 0 0 0 65 0 0 0 0 57 0 0 0 0 0 0 0 61 0 0 0 0 0 0 0 0 0 0 0 45 0 0 0 0 0 0 57 57 57 0 0 0 0 0 0 52 52 52 0 0 0 0 0 57 57 98 98 98 57 57 78 57 57 57 57 0 0 0 0 57 57 57 57 57 57 79 79 57 57 57 0 57
66 0 67 67 67 0 0 0 0 0 0 0 0 0 0 0 53 0 0 0 0 0 0 0 0 0 0 0 0 0 0 0 0 0 0 0 0 0 0 0 0 0 0 0 45 45 45 45 45 0 0 0 0 0 0 0 0 0 0 52 52 0 0 0 0 0 0 57 57 57 57 98 57 57 57 57 0 57 57 57 0 0 57 57 57 79 57 79 79 79 79 57 0 57 57 0
0 0 0 67 67 0 0 0 0 0 0 0 57 0 0 0 0 0 0 0 0 0 0 0 0 0 0 0 0 0 0 0 0 0 0 0 0 0 0 0 0 0 0 0 0 45 45 0 0 0 40 0 0 0 57 0 0 0 0 52 52 0 0 0 0 0 0 57 57 57 98 57 98 57 57 57 57 57 57 57 57 0 57 57 79 57 79 79 79 79 79 57 57 57 57 57
0 0 67 67 0 0 0 0 0 0 0 0 0 0 0 0 0 0 0 0 0 0 0 48 0 0 0 0 0 0 0 0 0 0 0 0 0 0 0 0 0 0 0 0 0 45 45 45 0 0 40 0 55 0 57 0 0 0 52 0 0 0 0 57 57 57 57 57 57 57 98 98 57 57 57 98 57 57 57 57 0 57 57 57 57 57 79 79 79 79 79 79 57 0 57 57
0 0 67 67 67 67 0 0 67 0 0 62 62 62 0 0 0 0 0 0 0 0 0 48 48 0 0 57 0 0 0 0 0 0 0 0 0 0 0 0 0 0 0 0 0 0 0 0 0 0 0 0 55 0 0 57 0 0 52 52 52 0 0 0 57 57 57 57 57 57 98 98 98 98 98 98 57 88 57 57 57 0 57 57 57 79 79 79 79 79 79 79 57 57 57 57
0 0 67 67 67 67 67 67 67 0 62 62 74 62 0 0 0 0 0 0 0 0 0 48 97 0 0 0 0 0 69 0 0 0 0 0 0 0 0 0 0 0 0 0 0 0 0 0 0 0 0 55 55 0 0 0 0 52 52 0 0 0 0 57 57 57 57 98 57 98 98 98 98 98 57 57 57 88 57 57 57 57 57 57 57 57 57 79 79 79 57 79 79 57 57 57
0 0 67 0 67 70 67 67 67 0 0 62 62 62 0 0 0 0 0 0 0 48 48 48 48 0 48 0 0 0 69 0 0 0 0 0 0 0 0 0 0 0 0 0 0 0 0 0 0 0 0 0 0 0 0 0 0 0 52 0 0 0 0 57 57 57 57 98 98 98 98 57 98 57 98 57 57 57 57 57 57 57 57 57 57 57 57 57 57 57 79 79 79 79 57 57
0 0 67 67 67 67 67 67 0 0 0 62 70 0 0 0 53 0 0 67 0 0 48 48 73 48 0 0 0 0 69 0 0 64 0 0 0 0 0 0 0 0 0 0 0 0 0 0 0 0 0 0 0 0 0 0 0 0 0 0 57 0 0 57 57 57 57 57 98 98 98 98 57 98 98 98 98 57 98 57 57 57 0 57 57 57 0 57 79 57 57 57 57 57 79 57
0 67 67 0 67 67 0 67 67 0 62 0 0 0 0 0 0 0 0 0 0 48 48 48 0 48 0 0 0 0 0 0 0 64 0 0 0 0 0 0 0 0 0 0 0 0 0 0 0 0 56 0 0 0 0 0 0 0 57 57 0 0 0 57 57 57 57 57 57 98 98 98 98 98 98 57 57 98 57 57 57 57 57 57 57 0 57 79 57 79 57 57 73 57 57 57
0 0 0 67 67 67 0 0 67 0 0 0 0 0 0 0 0 48 0 0 48 0 0 0 0 48 0 0 0 0 0 0 0 0 0 0 0 0 0 0 0 0 0 0 0 0 0 0 0 0 0 0 41 0 0 0 0 57 0 57 0 57 0 57 57 57 91 57 98 57 98 98 98 98 57 98 98 98 98 57 57 57 57 57 57 57 0 57 57 57 79 57 73 73 57 57
0 0 0 0 0 0 0 0 67 0 0 0 0 0 0 48 48 76 48 0 48 48 0 0 0 0 0 0 0 0 0 0 0 0 0 0 0 49 0 0 0 0 0 0 0 0 0 58 0 0 0 0 0 0 0 0 0 57 57 57 57 57 57 0 57 57 57 57 57 57 98 57 98 98 57 98 57 57 57 0 57 57 57 57 57 57 57 0 57 57 57 57 57 73 73 57
0 0 0 0 57 0 57 0 0 0 0 0 48 0 0 48 76 48 76 48 48 0 0 0 0 0 0 0 0 0 0 0 0 0 0 0 0 0 0 0 0 0 0 0 0 0 0 0 0 0 0 0 0 0 0 0 0 57 57 57 0 57 57 0 0 0 57 0 57 57 57 98 98 98 98 98 57 57 57 57 77 57 99 57 57 57 57 0 57 57 57 57 57 73 57 57
0 0 67 0 57 57 0 0 57 0 0 48 0 0 0 48 48 48 48 48 0 0 0 0 0 0 0 0 0 0 0 0 0 0 0 0 0 0 0 0 0 0 0 0 0 0 0 0 0 0 0 0 0 0 0 0 0 0 0 0 0 57 0 57 0 57 57 57 57 57 57 57 98 98 98 57 57 57 57 57 77 57 99 57 57 57 57 57 0 57 57 57 57 57 57 57
57 0 0 0 57 0 57 0 57 0 0 0 48 48 48 48 48 48 48 48 0 66 0 0 0 0 0 0 0 0 0 0 0 0 0 0 0 0 57 0 41 0 0 0 0 0 0 0 50 0 0 0 0 0 0 0 0 0 0 0 0 57 57 57 0 57 57 57 98 98 98 98 98 98 57 57 57 57 57 57 57 57 99 57 57 57 96 57 0 0 57 57 57 57 57 57
0 0 0 57 0 0 0 57 57 0 0 0 0 48 48 0 48 0 0 0 0 0 0 0 0 0 0 0 0 57 0 0 0 57 57 0 0 0 0 0 0 0 0 0 0 0 0 0 0 50 0 52 0 0 0 0 0 0 0 0 0 57 57 57 57 57 57 57 98 57 57 57 57 98 98 98 57 0 57 57 57 57 57 99 99 57 57 57 57 57 57 57 57 57 57 57
57 57 57 57 0 0 57 0 0 57 0 0 0 0 48 48 48 48 0 0 0 0 0 0 0 0 0 0 0 0 57 0 0 0 57 0 0 0 60 0 0 0 0 0 0 0 0 0 0 0 0 0 0 0 0 0 0 0 59 0 0 0 57 57 57 57 57 98 98 98 57 57 57 57 57 57 57 57 57 0 57 99 99 99 99 57 57 57 57 57 57 57 57 77 77 57
0 0 0 0 0 0 0 0 0 57 0 0 0 0 0 48 48 0 0 0 0 0 0 0 0 0 0 0 57 0 57 57 0 57 57 0 0 0 0 0 0 0 0 0 0 0 0 0 57 0 0 0 0 0 0 0 0 0 0 0 0 57 57 57 57 57 57 57 98 98 57 57 57 89 57 89 89 57 57 57 57 99 99 99 99 57 99 57 57 57 0 57 77 57 57 57
0 57 57 0 0 0 0 0 0 0 0 0 0 0 0 48 48 48 0 0 0 0 41 0 0 57 57 57 57 57 57 57 0 57 57 0 0 0 0 0 57 57 0 0 0 0 57 0 57 57 0 57 57 57 0 0 57 0 0 0 0 57 57 57 89 57 57 0 57 57 57 57 57 57 89 57 57 57 57 57 57 57 99 99 99 99 99 57 77 57 57 77 77 57 77 57
57 0 0 0 0 0 0 0 0 0 0 42 0 0 48 0 48 48 0 0 0 0 0 0 57 0 57 57 0 57 57 57 0 57 0 0 0 0 0 0 57 57 57 57 0 0 0 57 0 57 57 57 57 57 0 57 57 57 0 0 0 0 57 57 57 89 57 57 57 57 57 0 57 57 89 89 57 57 57 57 57 0 57 99 99 99 99 57 57 77 77 57 77 57 57 57
0 0 0 40 0 0 0 0 0 0 42 42 42 0 48 48 48 0 0 0 0 0 0 0 57 57 57 57 0 0 0 57 57 0 0 53 0 0 0 0 57 57 57 57 57 0 57 57 57 57 57 57 57 0 57 57 57 0 0 0 57 57 89 57 0 57 57 57 57 0 0 0 0 57 57 57 89 57 57 57 57 57 57 99 99 99 57 57 57 57 57 57 77 57 57 57
0 0 0 0 0 0 0 0 0 42 0 42 0 0 0 0 0 0 57 0 57 57 0 57 57 57 57 57 57 0 57 57 57 0 0 53 0 0 57 57 57 0 57 57 57 57 57 57 57 57 57 57 57 0 0 57 57 57 0 57 57 57 89 57 89 57 57 57 57 57 0 0 0 57 57 57 57 57 57 0 57 57 57 99 99 99 57 57 57 57 57 57 57 57 57 57
0 0 0 0 0 0 0 0 0 0 0 0 0 57 57 0 57 0 57 57 57 57 57 57 57 57 0 57 57 57 57 0 57 57 0 0 0 57 57 57 57 57 81 57 57 57 0 57 57 57 0 57 0 0 57 57 57 57 57 57 57 57 89 89 89 57 57 57 0 0 0 0 0 57 57 57 57 57 57 90 90 57 57 57 57 57 57 57 0 57 57 57 57 57 57 82
0 0 0 0 0 0 0 0 0 57 0 0 0 57 57 0 0 57 57 57 57 57 57 0 57 57 57 57 57 57 57 57 57 57 57 57 57 57 57 57 57 57 57 57 57 57 83 57 57 57 57 57 57 0 0 57 57 57 57 57 57 57 57 57 57 57 57 57 57 57 57 57 57 57 57 57 57 57 90 57 57 57 57 57 57 57 57 57 57 57 0 77 57 57 57 82
0 0 0 0 0 0 0 57 57 57 0 57 57 57 57 57 0 57 57 57 57 57 57 57 84 57 57 57 57 0 57 84 57 57 57 57 57 57 57 78 78 57 96 57 83 83 83 57 57 57 57 57 57 57 0 57 57 57 57 0 57 57 57 57 75 57 57 57 57 57 57 57 57 57 57 57 75 57 90 57 57 57 57 57 90 57 57 57 57 57 57 57 57 57 57 57
0 0 0 0 0 57 57 57 57 57 57 57 57 57 57 57 57 57 57 75 57 97 57 57 57 57 57 57 57 0 57 84 57 91 57 57 57 57 57 57 57 57 96 57 57 57 57 57 0 57 57 57 57 0 57 57 57 57 57 57 57 57 57 57 75 57 77 77 57 85 57 0 57 57 57 0 57 57 57 57 57 57 57 57 57 0 0 57 57 57 57 89 57 57 57 57
0 53 0 0 57 57 0 57 57 57 57 57 57 57 57 57 82 82 57 57 57 57 0 0 57 57 57 57 57 57 57 57 57 57 91 57 57 57 57 57 57 57 57 57 82 57 82 57 0 57 57 57 57 57 0 57 57 57 0 57 57 57 57 75 75 57 77 77 57 57 57 57 57 57 57 57 57 57 57 57 57 57 57 57 0 57 0 0 57 57 89 57 57 91 57 57
0 0 0 0 57 57 57 57 57 0 0 0 57 57 57 57 57 82 82 82 57 57 0 57 57 57 57 57 57 57 57 57 57 57 57 57 57 57 0 57 57 57 57 57 57 82 82 57 57 57 57 57 0 57 57 57 57 75 57 57 57 57 75 75 57 57 57 77 57 77 77 77 57 57 57 57 57 57 57 57 57 57 57 57 57 57 57 57 57 57 57 57 91 57 57 57
57 0 0 0 0 57 76 57 0 57 0 57 57 57 57 57 82 82 82 82 57 0 0 0 57 57 57 57 57 0 0 57 0 57 57 57 0 57 57 57 0 57 57 57 82 82 82 57 57 57 57 57 0 57 57 57 57 75 75 75 57 57 75 75 57 57 77 57 77 77 77 57 0 57 57 57 57 86 57 57 57 57 0 57 57 0 0 57 70 57 57 91 91 91 57 57
0 57 0 0 0 57 76 57 0 0 0 57 0 57 57 57 57 57 57 82 57 57 57 57 57 0 57 57 0 0 0 57 0 0 0 57 57 57 57 57 0 57 57 82 57 57 82 57 82 82 57 57 57 57 57 57 57 57 75 57 75 75 57 57 57 57 57 57 57 77 77 57 57 57 57 57 0 57 57 57 57 0 57 57 57 0 57 57 57 57 57 91 91 57 91 91
78 57 0 0 0 0 57 57 57 0 57 0 57 0 57 57 57 57 57 57 82 82 57 57 57 57 57 57 0 57 57 0 0 0 0 57 57 57 57 57 0 57 57 57 57 57 57 82 82 82 82 57 57 57 57 57 75 75 75 75 75 75 75 57 57 57 57 57 57 57 57 57 57 57 57 0 0 0 57 0 0 0 0 57 57 57 57 0 57 57 57 57 57 57 91 91
57 57 0 0 0 57 57 0 57 0 0 0 0 57 77 57 80 57 57 57 82 82 57 57 57 57 57 57 0 0 57 57 0 0 57 0 57 57 57 57 57 57 57 82 57 57 82 82 82 82 82 57 57 57 77 57 57 57 75 75 75 57 57 57 57 57 57 57 57 57 57 57 57 57 57 57 0 57 0 0 0 0 0 57 57 57 0 57 57 57 57 57 97 57 57 57
57 57 57 0 57 57 57 57 0 57 0 57 57 57 57 57 57 57 57 57 57 57 57 0 57 0 0 0 0 0 57 0 0 0 0 0 57 57 92 57 57 57 57 57 82 82 82 82 57 82 82 82 57 57 77 57 57 57 57 75 75 57 0 57 57 57 57 57 57 57 57 57 57 57 81 57 57 57 57 0 0 0 0 57 57 57 0 57 57 57 57 57 97 57 0 0
57 57 57 57 57 57 57 57 57 57 0 0 57 57 57 99 57 57 57 57 91 91 57 57 57 57 57 57 57 57 57 0 0 69 0 0 57 57 57 0 57 57 57 57 82 57 82 82 82 57 57 57 57 57 57 0 57 57 57 75 57 57 57 57 78 78 57 79 79 57 57 57 57 57 57 57 57 57 0 57 0 0 57 57 0 0 0 0 0 57 57 57 97 97 57 57
72 57 57 57 57 57 57 0 57 0 57 57 57 57 57 57 57 57 57 57 91 91 57 57 0 57 57 57 57 57 57 0 0 0 0 0 0 57 57 57 57 57 57 57 57 57 57 57 82 82 57 57 99 57 57 57 57 57 57 57 75 75 57 78 78 78 57 57 57 57 57 57 73 57 57 57 57 57 57 0 0 57 57 0 0 64 64 0 0 0 57 57 57 57 57 57
72 57 57 57 57 57 57 57 57 57 57 57 57 57 57 57 57 57 57 91 91 91 91 91 57 91 91 57 91 57 57 57 0 0 0 57 57 57 57 83 83 57 57 57 57 88 88 57 82 82 57 99 99 57 57 57 57 57 57 57 57 75 57 78 78 78 57 57 57 57 57 57 57 57 57 57 57 57 57 57 57 57 57 0 0 0 0 0 0 0 57 57 57 88 57 0
