temp/random_landscape_hqmqlq_quality.asc
north: 512
south: 0
east: 512
west: 0
rows: 512
cols: 512
[rows 438 to 510 of 512, columns 288 to 383 of 512]
57 57 0 57 71 57 57 57 57 57 57 57 57 0 0 57 57 57 57 57 0 0 0 0 57 57 57 0 0 57 57 57 0 57 57 57 76 57 76 60 76 76 62 62 76 76 76 76 76 76 76 76 76 76 76 76 48 76 76 76 69 69 69 69 76 76 76 76 76 76 76 57 57 76 76 76 57 57 57 57 57 57 57 57 57 57 76 57 76 76 57 76 57 57 0 57
57 57 57 57 71 57 57 57 91 57 57 57 57 57 57 57 57 0 57 57 0 57 0 57 0 0 57 0 0 57 0 57 0 0 57 76 76 76 76 76 76 76 76 76 76 41 76 76 76 76 76 76 76 76 76 48 76 48 76 76 76 69 76 69 76 76 76 59 76 59 76 57 76 57 57 57 57 57 57 0 57 57 57 57 57 57 57 57 76 57 57 76 57 57 57 57
75 57 57 0 57 57 91 91 91 91 57 57 57 57 57 57 0 57 57 57 0 57 0 57 0 57 57 57 57 57 57 0 0 57 57 57 57 76 76 76 76 76 76 76 76 41 76 76 76 76 76 76 76 76 76 76 48 48 76 76 76 76 76 76 76 76 76 76 59 76 76 57 57 76 57 57 57 0 57 57 57 57 57 57 57 57 0 57 76 76 76 57 76 76 76 57
57 57 57 57 57 57 57 57 57 57 57 72 57 85 57 57 57 57 57 0 0 57 57 73 57 57 57 57 57 0 0 0 57 57 57 57 57 76 76 76 76 76 76 76 76 41 76 76 76 76 76 76 76 76 76 76 76 76 76 76 76 76 76 53 76 76 76 59 59 76 57 57 57 57 57 57 57 0 57 57 57 0 57 57 57 57 57 57 57 57 76 76 76 76 76 76
0 57 57 57 57 57 57 57 57 57 57 57 57 57 0 0 0 0 0 0 57 0 0 57 0 57 0 57 0 57 0 57 0 57 76 57 76 76 76 76 76 76 76 76 76 41 76 76 76 76 76 76 76 76 76 53 76 76 76 76 53 76 76 76 76 59 59 59 59 76 57 57 57 57 57 57 57 57 0 0 57 57 57 57 57 57 87 87 57 57 76 76 76 76 76 76
57 57 57 0 57 0 57 57 57 57 0 57 57 57 57 57 0 54 0 0 57 57 57 57 57 0 0 57 57 57 0 0 0 57 57 76 57 57 76 76 76 76 76 76 76 76 76 76 76 76 76 76 76 76 76 76 76 62 62 76 76 76 76 76 76 76 76 76 76 76 57 0 57 57 57 57 57 57 57 57 57 57 57 57 57 57 87 87 57 57 57 76 76 76 76 76
57 57 57 57 57 57 57 81 81 57 57 57 57 57 57 0 0 0 0 0 57 0 57 57 0 0 57 0 0 57 0 0 0 0 57 57 57 76 76 76 76 57 76 76 76 76 76 76 76 76 76 76 76 76 76 76 76 76 76 76 76 76 76 76 76 76 76 76 76 57 0 57 57 57 57 57 57 57 57 57 0 57 78 0 0 57 57 57 57 57 57 76 76 76 76 76
57 0 57 0 0 57 57 81 81 57 57 57 57 57 57 0 0 0 0 0 0 0 57 57 57 0 0 57 57 57 0 57 0 57 57 57 76 76 41 76 76 57 76 57 57 76 76 76 76 76 76 76 76 76 76 76 76 76 76 76 76 76 76 51 76 76 76 57 57 57 57 57 57 57 57 98 57 57 76 57 57 0 57 0 57 88 57 57 57 78 57 76 76 57 76 76
57 57 0 0 57 0 57 57 81 57 0 0 0 0 0 0 0 63 63 63 0 57 57 57 57 57 0 57 57 57 57 57 0 57 57 57 76 76 76 76 57 57 76 57 57 76 76 76 76 76 76 76 76 76 76 76 76 76 76 76 76 76 76 76 76 76 76 57 57 57 57 57 0 57 57 57 57 57 57 76 76 76 76 57 57 57 57 57 57 57 57 57 76 57 76 57
57 57 0 57 57 0 57 0 57 0 0 61 61 0 0 0 0 0 0 0 0 0 57 57 57 0 0 76 57 57 57 57 0 57 57 57 57 57 76 76 57 76 57 57 76 76 76 76 76 76 62 76 76 76 76 76 76 76 76 76 76 76 76 76 76 76 76 76 57 57 57 76 57 76 57 57 57 57 57 76 76 76 57 76 57 76 76 76 76 76 76 76 57 76 57 57
57 57 57 0 57 0 57 0 0 0 0 0 0 0 57 0 0 0 57 0 0 0 0 0 0 57 0 76 57 57 57 57 57 57 57 0 57 57 76 57 57 57 57 57 76 76 76 76 76 76 62 76 76 76 76 76 76 76 76 76 76 76 76 57 76 76 76 57 76 57 57 76 76 76 57 57 0 57 57 57 57 57 76 76 57 76 76 76 76 76 76 76 0 57 76 57
57 57 57 57 57 0 0 0 0 0 57 0 0 0 0 57 0 0 57 57 0 0 57 57 57 57 57 76 76 57 57 57 57 57 57 57 57 76 76 57 76 76 76 76 57 76 76 57 76 76 62 76 76 76 76 76 76 76 76 76 57 57 57 76 57 76 57 57 57 57 76 76 76 76 57 57 57 57 57 57 57 76 76 57 76 57 57 57 57 76 76 76 57 57 76 76
57 57 57 57 0 57 57 0 0 57 0 0 0 0 57 0 0 0 0 57 57 57 57 57 57 57 76 57 76 57 57 57 76 76 76 57 57 76 76 57 76 76 76 57 57 57 76 57 57 76 76 76 76 76 58 76 61 76 76 76 76 57 57 57 57 76 76 57 76 76 76 57 57 57 57 57 57 57 57 57 57 57 76 76 57 57 57 57 57 57 76 76 57 76 76 57
0 57 57 0 57 57 0 57 0 57 57 0 0 57 0 57 0 0 57 57 57 57 57 57 57 57 76 57 57 57 76 57 76 57 57 57 57 76 76 76 76 76 76 57 57 76 57 57 57 57 57 57 57 76 76 76 61 76 76 76 76 57 57 57 57 57 76 76 76 76 76 57 57 57 57 57 57 76 76 57 57 76 76 76 76 57 76 76 57 76 76 76 76 76 57 57
0 57 57 57 57 0 0 57 57 57 57 57 0 57 57 0 57 0 0 57 57 57 85 57 57 76 76 76 76 76 76 57 76 57 57 57 57 57 57 57 76 76 57 76 76 57 57 57 57 57 57 76 76 76 76 76 76 76 76 57 57 57 84 57 0 57 57 57 76 76 76 57 57 57 57 57 57 76 76 76 57 57 76 76 76 76 76 57 76 57 76 57 76 76 57 57
57 0 57 57 57 57 57 0 57 57 57 57 57 57 57 57 57 57 57 0 57 57 57 57 76 76 76 76 76 76 76 76 76 76 57 76 57 76 57 76 57 57 76 57 76 57 78 78 57 57 76 57 57 76 76 76 76 76 57 57 57 57 84 84 57 57 57 57 57 76 57 57 76 76 76 57 76 76 76 76 57 76 76 76 76 76 57 57 76 76 76 57 76 76 76 57
57 0 57 57 57 57 57 57 57 57 75 57 57 57 57 57 57 0 57 57 57 57 57 57 76 76 76 76 76 76 76 57 57 57 57 76 76 76 76 57 76 76 57 57 57 57 57 57 57 57 57 57 57 76 57 57 57 57 76 57 57 57 57 57 57 57 57 57 76 76 57 57 57 57 57 76 57 76 76 76 76 76 76 76 57 57 57 76 76 76 76 57 57 76 76 57
57 57 57 57 57 71 57 57 57 75 57 57 57 85 57 57 0 57 57 57 57 57 57 57 76 76 76 76 76 76 76 76 76 57 57 76 76 76 76 76 76 76 57 57 75 57 57 57 57 57 57 57 57 76 76 57 57 57 57 57 78 57 57 93 57 57 57 57 76 76 57 57 57 57 57 57 76 76 76 76 76 57 76 76 57 57 57 57 76 57 76 57 57 57 57 57
70 57 57 71 71 57 57 57 0 57 57 85 85 85 57 57 57 57 71 57 0 57 57 76 76 76 69 76 76 76 57 76 57 57 57 76 76 76 76 76 76 76 57 57 75 57 0 57 57 57 72 57 76 76 76 76 76 57 0 57 57 57 57 57 57 57 57 76 76 76 57 57 57 57 57 57 57 76 76 76 76 76 57 57 76 57 71 57 57 57 57 57 57 57 57 57
57 57 57 57 57 71 57 71 57 57 57 57 57 57 85 57 57 57 57 57 57 57 57 76 76 76 76 76 76 76 76 57 76 76 76 57 76 76 76 76 76 57 76 57 57 57 57 57 93 57 57 57 76 76 76 57 76 76 76 76 76 57 57 57 57 57 76 76 76 76 57 57 57 57 57 57 57 57 76 76 57 76 76 57 76 57 57 57 57 57 57 57 57 57 57 57
57 74 57 57 57 57 71 57 57 57 57 57 57 57 57 57 57 57 57 57 57 76 76 76 76 76 76 76 47 76 76 76 57 76 76 57 76 76 44 76 57 57 57 57 57 76 57 57 57 57 57 57 76 76 57 76 57 76 76 76 76 57 57 57 57 57 76 76 76 76 76 57 0 57 57 57 57 57 57 57 76 57 76 57 57 57 57 57 57 57 57 57 57 57 57 57
57 57 57 57 57 57 71 57 57 0 57 76 76 76 57 57 57 57 76 76 76 76 76 76 76 76 76 76 76 76 76 76 57 57 76 57 76 76 76 76 57 57 76 76 76 76 57 76 57 57 57 57 57 57 57 76 57 76 76 76 57 76 57 57 57 57 76 76 76 76 76 76 76 76 57 57 57 57 76 57 76 76 57 57 57 57 57 57 57 0 57 57 57 57 0 0
57 57 57 57 76 57 57 57 57 57 76 57 57 76 57 57 57 57 76 76 76 76 76 76 42 76 76 76 58 76 76 76 76 76 76 76 76 76 76 76 57 57 57 76 76 76 76 57 76 57 57 57 57 57 57 57 57 57 57 57 57 57 57 57 57 57 76 76 76 76 76 48 76 76 57 57 76 57 0 76 76 57 57 73 57 57 57 57 57 57 57 0 0 0 0 66
95 57 76 76 76 76 57 57 76 57 76 76 76 76 76 76 76 57 76 60 76 52 76 76 76 42 76 76 58 58 76 76 76 76 76 76 76 69 76 57 57 57 57 76 76 76 76 57 57 57 57 83 57 57 57 57 86 57 57 57 57 57 57 57 76 76 76 76 76 76 76 76 76 57 76 57 76 57 57 57 57 76 57 57 73 57 57 57 57 57 57 0 0 0 0 66
57 57 76 76 76 76 76 76 76 57 76 76 76 76 76 57 76 76 76 76 76 52 76 76 76 76 76 76 58 58 58 76 76 76 76 76 76 76 76 76 76 76 57 57 76 76 76 57 57 57 57 57 57 57 57 57 86 86 57 57 0 57 76 76 57 76 76 76 76 76 76 76 76 57 57 57 76 57 57 76 76 57 57 73 73 57 57 57 57 57 57 0 46 0 0 0
57 57 76 76 76 76 76 76 76 57 76 76 76 76 76 76 57 76 76 76 76 52 52 76 76 76 76 76 76 76 76 76 76 76 76 76 76 76 76 76 76 57 76 57 76 76 57 0 57 57 57 57 57 73 57 57 57 57 57 57 57 57 76 76 76 76 76 76 76 76 76 76 76 76 76 57 57 57 57 57 57 0 57 73 57 57 57 57 57 57 57 0 0 0 0 0
76 76 76 76 66 76 76 76 76 76 76 76 76 76 76 57 57 76 76 76 76 76 76 76 76 76 76 76 76 76 76 76 76 76 76 76 76 76 76 76 76 57 76 57 76 57 57 0 0 0 57 57 57 57 57 57 57 76 76 57 76 76 76 76 76 76 76 76 76 76 76 76 76 76 76 76 57 57 90 57 57 57 57 57 57 57 57 57 57 57 57 0 0 0 0 0
57 57 76 76 76 76 76 76 76 76 76 76 76 76 76 76 76 76 76 76 76 76 76 76 76 76 76 76 76 76 76 76 76 76 76 76 76 76 76 76 76 57 57 76 0 57 0 0 0 57 57 57 57 57 57 57 57 57 57 76 76 76 76 76 76 76 76 76 76 76 76 76 76 76 76 57 57 57 90 57 57 57 57 57 57 57 57 57 57 57 57 0 0 0 0 0
76 57 57 76 76 76 76 76 76 76 76 76 76 57 76 57 76 76 76 76 76 76 76 76 76 76 76 76 76 76 76 76 76 76 76 76 76 76 76 76 57 76 57 57 57 57 0 57 57 57 96 57 57 57 57 57 57 57 57 57 76 76 61 76 76 76 76 76 76 76 76 76 76 76 76 57 57 57 57 57 91 91 57 57 57 57 57 57 57 0 57 0 0 68 0 0
57 57 57 76 76 57 76 76 76 57 57 57 57 76 57 57 76 76 76 76 76 76 76 76 76 76 76 76 76 76 76 76 76 76 76 43 76 76 76 57 57 76 76 57 57 57 0 57 0 57 57 57 57 57 57 57 57 57 57 57 57 76 76 76 76 76 76 76 76 76 76 76 76 76 76 57 57 94 57 57 91 91 91 91 57 88 57 57 57 57 0 0 0 68 0 0
57 57 76 57 57 76 76 76 76 76 76 57 57 57 0 57 76 57 76 76 76 76 76 57 57 57 76 76 64 76 52 76 76 76 76 76 76 76 76 57 57 57 0 57 0 57 57 57 57 57 57 57 0 57 57 57 57 57 57 76 57 76 76 68 76 76 76 76 76 76 76 76 76 76 76 57 57 57 57 57 57 57 57 57 57 57 57 57 57 57 57 0 0 0 0 0
57 76 76 76 57 57 76 76 76 76 76 57 57 57 57 76 57 57 57 76 76 76 76 76 57 76 76 76 76 76 76 76 76 57 57 76 76 76 76 57 57 57 57 57 57 57 0 57 57 57 57 57 57 0 57 57 57 57 57 76 76 76 76 76 76 76 76 76 76 76 76 76 76 76 76 76 57 79 57 0 57 57 57 0 0 0 57 57 57 57 57 0 0 0 0 57
57 76 76 57 76 57 76 76 76 76 76 57 57 0 0 57 57 57 57 57 76 76 76 57 76 57 57 76 76 76 76 76 76 57 76 76 76 76 76 57 0 57 57 57 57 57 0 57 76 57 0 0 57 57 57 57 0 57 0 57 76 76 76 76 57 76 76 76 76 76 76 76 76 76 76 76 0 57 0 57 91 0 0 57 0 0 0 57 57 57 57 57 0 57 57 0
57 57 57 76 76 57 57 57 57 57 57 57 0 57 57 57 0 57 57 57 57 57 76 57 76 57 57 57 57 76 57 76 76 76 76 76 76 76 76 76 76 57 57 57 57 57 0 57 57 57 0 0 0 57 57 57 0 57 57 57 57 76 57 76 57 0 57 57 76 57 76 76 76 76 76 57 57 57 57 57 0 0 0 57 57 0 57 57 57 0 57 57 57 0 57 0
57 57 57 76 57 57 57 57 57 57 57 57 57 57 57 0 0 0 57 57 57 76 57 57 57 76 57 57 76 57 57 76 76 76 76 76 76 76 76 76 57 57 0 0 57 57 57 57 0 0 57 0 0 57 57 57 0 0 57 57 76 57 76 0 0 57 57 57 57 57 57 76 76 76 76 57 57 57 57 57 0 0 57 57 57 57 57 57 57 57 57 83 57 0 57 57
57 57 57 76 57 57 57 57 57 57 57 0 0 0 0 57 57 57 57 57 57 57 57 76 76 57 57 57 57 57 57 76 76 76 76 76 76 76 76 76 57 57 0 57 57 57 0 0 0 57 57 0 0 57 57 57 57 57 57 57 57 57 57 57 0 57 57 0 57 57 57 57 76 76 76 76 57 57 57 57 57 57 57 57 57 57 57 0 57 57 57 57 57 57 57 57
57 57 57 57 76 76 57 57 84 57 57 57 57 0 0 0 0 57 57 57 57 57 57 57 57 76 57 57 89 57 76 76 76 76 76 76 76 76 60 76 76 57 57 57 57 57 0 57 57 57 0 0 57 57 57 57 57 57 82 57 57 57 57 57 57 0 57 57 57 79 57 57 57 76 76 76 76 76 76 57 57 57 57 57 57 57 57 57 82 82 82 57 57 57 57 0
57 57 57 57 57 57 57 57 0 0 0 0 0 57 0 57 57 57 0 57 57 57 57 57 76 57 57 57 89 57 57 76 57 57 76 76 76 76 76 76 76 76 57 57 57 57 57 57 57 57 57 57 0 0 0 57 57 57 57 57 57 57 57 57 57 57 57 94 57 57 57 76 76 76 76 76 76 57 57 57 57 57 57 57 57 0 57 57 57 57 57 57 0 0 57 0
57 57 57 57 57 57 57 0 0 0 0 0 0 0 0 0 79 57 0 57 57 57 57 57 76 57 57 57 0 57 76 76 57 57 76 76 76 76 76 76 47 76 76 76 76 57 57 57 76 76 57 57 0 57 57 57 57 57 57 57 57 57 0 0 57 57 57 94 57 57 76 57 57 76 57 76 76 57 57 57 57 57 57 57 57 57 57 57 57 57 57 57 0 57 57 57
57 57 57 57 57 57 57 57 0 0 0 0 0 0 57 57 57 57 0 57 57 76 76 57 57 57 57 57 57 57 76 76 76 57 57 57 76 76 76 76 47 76 76 57 57 57 57 57 76 57 76 57 57 0 57 0 57 57 57 57 57 57 57 57 57 57 57 57 57 57 57 57 57 76 57 57 57 57 57 57 57 57 57 0 57 57 57 57 57 57 57 57 57 57 57 57
85 85 57 57 57 57 57 0 57 0 57 57 0 0 0 57 0 57 57 57 76 76 76 57 71 57 57 57 57 76 76 76 57 76 57 76 76 76 76 76 76 76 76 76 57 57 57 76 76 76 76 57 0 57 57 57 0 57 57 57 57 57 57 57 57 57 57 57 57 57 57 57 0 57 57 57 57 57 81 57 57 0 57 57 0 0 0 57 57 57 0 57 57 57 57 57
85 57 85 57 57 57 57 57 0 0 57 0 0 0 0 57 57 0 0 57 57 57 76 57 57 57 57 99 57 57 57 0 76 76 76 57 76 43 76 76 76 57 76 57 76 57 76 57 76 76 76 57 57 57 57 57 57 57 90 57 57 57 57 57 57 0 57 57 57 57 57 57 0 57 57 57 77 57 57 0 57 0 0 57 0 57 57 0 57 57 0 57 57 57 57 57
57 57 57 57 57 57 0 0 57 57 0 57 0 0 57 0 0 0 57 57 74 57 76 76 76 57 57 57 57 76 76 57 57 57 76 76 76 76 76 76 76 57 57 57 57 57 76 76 76 76 76 57 57 57 57 57 57 57 57 90 57 57 57 57 57 0 57 0 57 57 57 57 0 0 57 57 77 57 0 57 0 0 0 0 0 0 57 57 0 57 0 57 57 57 57 57
57 0 0 57 57 57 57 57 57 0 57 57 0 0 0 57 0 0 57 57 57 57 76 76 76 57 76 76 76 76 57 57 76 76 76 76 76 58 76 76 76 76 57 57 57 76 76 57 76 57 76 57 57 0 57 0 0 57 57 90 57 57 57 57 57 57 0 57 57 57 57 57 57 57 57 57 57 57 57 57 57 0 0 57 0 0 0 57 57 57 0 57 57 57 57 0
57 57 57 57 57 57 57 57 57 0 0 0 0 0 0 0 0 0 57 57 57 57 76 76 76 76 76 76 57 57 76 76 76 76 76 76 76 76 76 76 76 76 76 76 76 57 76 57 76 57 76 57 57 0 0 0 57 57 57 57 57 0 0 0 0 0 57 0 0 57 0 57 57 57 57 57 57 0 57 57 57 57 57 57 0 0 0 0 57 57 0 57 57 57 57 57
57 57 57 57 57 57 0 57 0 57 57 57 57 57 57 0 0 0 57 57 57 57 76 57 57 76 76 57 76 57 57 76 76 76 76 57 57 76 76 76 76 76 76 76 76 76 76 76 57 76 57 57 57 57 57 57 57 57 0 57 57 57 0 48 0 0 0 57 57 57 0 0 57 57 57 57 57 57 57 57 57 57 57 57 0 57 57 57 57 76 57 57 57 0 0 57
57 57 57 57 57 57 57 57 57 57 57 57 57 0 57 0 0 0 0 57 0 57 57 57 57 57 57 76 76 57 57 76 76 76 76 57 0 57 76 76 76 76 76 43 43 76 76 76 76 76 57 57 57 57 57 57 57 0 0 0 0 57 0 0 0 0 0 57 57 0 57 0 57 57 57 57 57 57 57 57 57 57 0 0 0 57 57 57 76 57 76 57 57 0 57 57
57 57 57 57 57 57 57 93 57 57 57 57 0 0 57 0 0 57 0 57 0 57 0 57 57 57 57 76 76 57 57 57 57 57 57 57 57 76 76 76 76 76 76 76 76 76 76 76 76 76 57 57 57 57 57 0 57 0 57 0 0 0 0 0 0 57 0 57 57 57 57 57 57 57 57 92 57 82 57 57 57 0 0 57 57 57 57 57 57 76 76 76 57 0 0 57
57 57 57 57 57 57 57 57 57 57 57 57 0 57 57 57 0 0 57 57 0 0 0 57 57 57 57 57 57 57 89 57 57 0 0 0 57 57 76 76 76 76 68 76 76 76 76 76 76 76 57 57 76 57 0 57 57 0 0 0 56 0 57 57 57 0 0 57 57 0 57 0 57 70 57 57 57 57 57 57 57 57 0 57 57 57 57 76 76 76 76 57 57 57 57 57
0 0 0 57 57 57 57 57 57 57 57 57 57 57 0 57 57 0 57 0 0 0 57 57 0 57 57 0 57 57 57 0 0 0 0 57 57 57 76 76 76 76 76 76 76 76 76 76 40 76 57 57 76 76 57 57 57 0 0 0 0 0 57 57 57 0 57 83 83 57 57 57 57 57 57 57 76 57 57 0 57 57 57 57 57 57 57 76 50 76 76 76 57 57 57 57
0 0 0 57 0 57 57 57 0 57 57 57 57 57 57 57 57 57 57 0 0 57 57 57 0 0 0 57 57 57 57 0 0 0 0 57 76 76 76 76 76 76 57 76 76 76 76 76 76 76 76 76 76 76 57 57 57 0 0 0 0 0 57 57 57 57 57 57 83 57 57 57 76 57 57 57 76 57 57 57 57 57 57 57 57 57 76 76 76 76 76 76 76 57 76 57
0 0 57 57 57 57 57 57 57 0 57 57 57 57 57 94 57 57 57 0 57 57 57 57 57 0 57 57 57 0 0 0 0 0 0 57 76 76 76 76 76 57 57 76 76 76 76 76 76 76 76 76 76 76 57 57 57 57 0 0 0 0 0 57 57 0 57 57 57 57 57 57 57 76 57 57 76 57 57 57 57 57 57 57 57 57 57 76 76 76 76 76 76 57 76 57
57 57 0 0 57 57 57 57 57 0 0 57 57 57 57 57 57 57 57 57 57 57 57 57 57 57 57 0 0 0 47 0 0 0 57 57 57 57 57 57 57 57 57 57 57 76 76 76 76 57 57 76 57 57 57 57 57 57 57 0 0 57 87 57 57 57 57 57 0 0 0 57 57 57 76 76 57 57 57 57 76 76 76 76 76 76 76 57 57 76 76 76 76 76 76 57
57 57 0 57 57 57 57 57 57 57 57 57 57 57 57 83 57 84 84 84 57 57 57 57 57 57 57 57 57 0 0 0 0 0 57 57 57 57 57 57 57 57 57 57 76 76 76 76 76 57 57 76 76 57 57 57 0 57 57 57 57 57 57 57 0 0 0 57 57 0 57 57 97 57 76 76 57 57 76 57 76 76 76 76 76 57 57 76 76 76 76 76 76 76 76 76
90 57 57 57 57 0 57 57 57 57 80 57 74 57 57 0 57 57 57 84 57 0 57 57 57 57 0 57 57 0 0 0 0 0 0 57 57 57 57 57 0 57 57 76 76 76 76 76 76 76 76 57 57 57 79 57 57 0 57 57 57 57 0 0 57 0 0 57 57 57 57 57 57 57 57 57 76 76 57 57 76 76 62 62 76 76 76 76 43 76 43 43 43 76 76 76
90 57 57 57 0 0 57 57 57 57 57 57 57 57 57 57 95 57 57 57 57 0 57 95 57 57 57 57 57 0 0 0 0 0 0 0 57 82 57 0 57 57 57 76 76 76 76 76 76 76 76 57 57 57 57 57 0 0 57 57 57 57 57 0 57 0 0 0 0 57 57 57 57 57 57 57 57 76 57 76 76 76 76 76 76 76 76 43 76 43 43 76 76 76 76 57
90 57 57 57 0 0 0 57 0 57 0 57 95 95 95 95 95 95 95 95 57 57 57 57 57 57 0 57 0 0 0 0 0 0 0 57 57 82 82 57 57 57 76 57 76 76 76 76 76 76 76 57 57 57 57 57 57 57 57 0 0 0 0 0 0 0 57 57 0 57 57 57 57 0 57 57 57 57 76 76 76 76 76 76 76 43 43 43 43 76 43 76 76 76 76 57
57 57 57 57 57 0 0 57 57 87 57 57 57 57 57 57 95 95 95 57 57 57 74 57 57 57 57 0 0 0 0 0 0 0 0 0 57 82 57 57 57 57 57 57 76 76 76 76 76 76 57 57 57 57 57 57 57 57 57 0 0 0 0 57 0 0 0 0 57 0 57 0 57 57 57 57 57 57 76 76 76 76 76 76 76 43 43 43 76 43 76 76 76 76 57 57
57 57 57 57 57 0 0 0 57 57 57 57 57 96 57 57 57 57 95 57 57 57 74 57 57 57 57 57 0 0 0 0 0 0 0 0 0 0 57 57 57 57 57 57 57 76 76 76 76 76 57 57 57 57 57 57 0 0 0 0 57 0 0 57 0 0 0 57 57 57 57 57 57 57 57 57 57 57 76 76 76 76 76 76 76 43 43 76 76 76 76 76 76 76 76 76
57 57 57 57 57 57 0 57 57 57 57 96 57 96 57 57 57 95 95 57 57 57 57 57 57 57 57 57 0 0 0 0 0 0 0 0 57 0 57 57 57 57 57 57 57 76 57 76 76 76 57 0 57 57 57 95 57 57 57 0 57 57 57 57 0 0 0 57 57 57 57 57 57 57 57 57 57 57 57 76 76 76 76 43 76 76 43 76 43 43 76 76 76 76 76 76
0 57 57 0 57 0 0 57 0 57 96 96 96 57 57 57 57 57 57 57 57 57 57 57 57 57 57 0 57 57 0 0 0 0 0 0 57 57 57 57 57 57 57 57 76 57 57 76 76 76 57 57 0 57 57 57 57 0 57 57 57 57 57 57 0 0 0 57 0 57 57 57 57 57 0 95 95 57 57 57 76 76 76 43 76 43 43 43 43 43 76 76 76 76 76 43
57 0 0 57 0 0 0 0 0 96 96 96 57 96 57 57 57 57 57 57 97 97 97 57 57 57 57 57 57 57 57 0 0 0 0 0 57 57 57 57 57 57 57 0 57 76 57 57 57 57 57 57 57 95 57 57 57 0 57 0 0 0 57 57 0 0 0 57 57 57 57 57 57 57 57 57 95 57 76 76 76 43 76 43 43 43 43 43 43 76 43 76 76 76 43 43
0 0 0 0 0 0 0 0 57 57 96 57 0 57 57 57 57 97 97 97 97 97 97 57 57 57 57 57 57 0 57 0 0 0 57 57 57 57 0 57 57 57 57 57 0 57 57 57 0 57 57 57 57 57 95 57 57 57 0 0 57 57 0 0 0 0 0 57 57 57 78 57 57 57 57 57 57 57 76 76 43 76 43 43 43 43 43 43 43 76 76 43 43 43 76 76
0 57 0 57 0 0 0 57 57 57 57 57 57 84 57 57 57 97 97 57 97 97 97 97 97 57 57 57 57 57 0 0 0 0 0 0 57 0 57 57 57 0 0 0 0 57 57 73 57 57 57 57 57 95 95 57 95 0 57 57 57 0 0 0 0 57 57 57 57 57 57 57 57 57 57 57 90 57 76 76 43 43 76 76 43 43 43 43 76 76 76 76 76 43 43 43
57 57 57 57 57 0 57 0 57 57 57 57 57 57 57 57 57 57 97 97 97 97 57 97 97 97 57 57 57 0 0 0 0 40 40 0 0 57 0 0 0 57 0 0 0 0 0 57 57 57 57 57 57 57 95 95 95 57 57 57 0 0 0 0 57 57 92 57 57 57 57 57 57 57 57 57 57 57 57 76 76 76 76 76 43 43 43 43 76 76 76 43 76 43 43 43
57 57 57 57 57 57 0 57 0 57 0 57 57 57 57 57 57 57 57 97 97 97 57 97 57 97 57 57 0 57 0 0 0 40 0 0 0 0 0 54 0 0 0 0 0 0 57 57 57 57 0 0 57 57 57 95 95 95 57 0 57 0 57 0 0 0 57 0 57 57 57 57 57 57 57 57 76 76 76 76 76 76 76 76 43 0 43 43 76 43 43 76 43 76 76 76
57 0 57 57 57 57 0 57 0 0 0 57 57 57 57 57 57 57 57 97 97 97 57 57 57 57 57 0 0 0 57 0 0 0 0 0 0 0 0 0 0 0 40 0 57 57 57 0 0 0 0 0 57 57 95 95 57 57 57 0 0 57 0 0 0 0 0 0 0 57 57 57 57 57 0 57 76 76 76 76 76 76 76 76 43 43 43 43 43 76 43 43 76 43 76 43
0 0 0 57 57 57 57 0 0 57 57 0 0 57 57 57 57 57 57 97 97 57 57 57 57 57 57 57 0 0 0 0 0 0 0 0 0 0 0 40 0 0 0 0 0 57 57 57 0 0 0 0 57 0 57 57 57 0 57 0 0 0 57 57 57 57 0 57 0 0 57 57 57 75 57 76 76 76 43 76 43 76 43 76 43 43 43 76 43 43 43 43 43 43 76 76
0 0 0 57 57 0 0 0 0 57 0 0 0 57 57 57 57 57 57 57 57 57 57 57 57 57 57 0 0 0 62 0 52 0 0 0 0 0 0 0 0 0 0 0 57 0 0 0 0 0 0 0 0 0 0 57 0 57 0 57 57 0 57 0 0 0 0 0 57 57 57 57 57 57 57 57 76 76 43 76 76 43 76 43 43 76 43 43 76 76 76 43 43 43 43 43
0 57 0 0 57 57 0 0 0 57 57 0 57 57 57 57 57 57 57 77 57 57 57 57 57 57 0 0 0 0 0 0 0 0 0 0 0 0 0 0 0 0 0 0 0 0 43 0 0 43 0 0 0 0 57 57 88 57 57 57 57 57 57 57 0 0 0 57 57 57 57 0 57 57 57 76 76 43 43 43 43 43 76 43 76 76 43 76 76 76 43 76 43 43 43 74
0 0 57 0 57 0 57 0 57 57 0 0 57 57 57 93 57 57 57 57 77 77 57 0 0 57 0 0 0 0 0 0 0 0 0 0 0 0 0 0 0 0 0 0 43 43 0 43 43 43 43 0 0 57 57 57 88 57 57 57 97 57 57 57 57 57 0 0 57 57 57 0 57 57 57 76 43 76 43 43 73 43 43 76 76 43 43 43 76 43 76 43 43 43 43 43
0 0 0 0 0 0 0 0 0 0 0 0 0 0 0 0 0 0 0 0 0 0 0 0 0 0 0 0 0 0 0 0 0 0 0 0 0 0 0 0 0 0 0 0 0 0 0 0 0 0 0 0 0 0 0 0 0 0 0 0 0 0 0 0 0 0 0 0 0 0 0 0 0 0 0 0 0 0 0 0 0 0 0 0 0 0 0 0 0 0 0 0 0 0 0 0
0 0 0 0 0 0 0 0 0 0 0 0 0 0 0 0 0 0 0 0 0 0 0 0 0 0 0 0 0 0 0 0 0 0 0 0 0 0 0 0 0 0 0 0 0 0 0 0 0 0 0 0 0 0 0 0 0 0 0 0 0 0 0 0 0 0 0 0 0 0 0 0 0 0 0 0 0 0 0 0 0 0 0 0 0 0 0 0 0 0 0 0 0 0 0 0
