temp/random_landscape_hqmqlq_quality.asc
north: 512
south: 0
east: 512
west: 0
rows: 512
cols: 512
[rows 365 to 437 of 512, columns 0 to 95 of 512]
0 54 54 54 54 54 54 54 54 54 54 94 54 94 54 54 54 54 54 54 54 54 54 54 54 54 54 54 54 54 54 54 0 0 0 0 0 54 0 54 54 54 54 54 54 0 0 0 0 0 0 0 0 0 0 0 0 0 0 63 0 0 0 0 0 0 0 0 0 0 0 0 0 0 0 0 0 0 0 0 0 0 0 0 54 54 54 54 54 54 0 54 54 0 0 54
0 54 54 54 54 54 54 54 0 54 54 54 54 54 54 54 0 54 54 54 54 0 54 54 54 54 54 54 0 54 54 54 54 54 0 0 0 0 54 0 54 54 54 54 54 0 0 0 0 0 0 0 0 53 53 53 53 0 0 0 0 0 0 0 0 0 0 0 0 0 0 0 0 0 0 0 0 0 0 0 0 0 54 54 0 0 0 54 0 0 0 54 54 54 0 54
0 54 54 54 54 54 54 54 54 89 89 89 54 54 54 54 54 54 54 54 54 54 54 54 54 54 54 54 54 0 54 54 54 0 54 0 0 0 0 54 54 54 54 0 54 0 0 0 0 0 0 0 0 53 53 53 0 0 0 0 46 0 0 0 0 0 0 0 0 0 0 0 0 0 0 0 0 0 0 0 0 0 0 0 0 0 0 54 54 0 0 0 0 54 0 0
0 54 54 54 86 54 73 54 54 54 54 89 54 54 54 54 54 54 54 54 54 54 54 54 54 54 54 54 0 54 54 54 54 54 54 54 0 0 54 0 0 0 54 0 0 0 0 0 0 0 0 0 0 0 53 0 0 46 80 46 46 0 0 0 0 0 0 0 0 0 0 0 0 0 0 0 0 0 0 0 0 0 0 0 0 0 0 0 0 54 0 0 54 0 0 0
0 54 54 54 54 54 54 54 54 54 54 54 54 54 54 54 54 0 54 54 54 54 54 54 54 54 54 54 0 54 54 54 54 54 0 54 0 0 0 54 54 0 0 0 0 0 0 0 0 0 0 0 0 0 0 0 0 46 46 46 46 0 0 0 0 0 0 0 0 0 0 0 0 0 0 0 0 0 0 0 0 0 0 0 0 0 0 0 0 54 54 0 0 0 0 0
0 54 54 54 54 54 0 54 54 54 54 54 54 54 0 54 54 54 54 54 86 54 54 54 0 54 86 54 0 0 54 54 54 0 0 0 0 0 0 54 54 0 0 0 0 0 0 0 0 49 0 0 0 0 0 0 0 46 46 46 0 0 0 0 0 0 0 0 0 0 0 0 0 0 0 0 0 0 0 0 0 0 0 0 0 0 0 0 0 0 0 0 0 0 0 0
0 54 54 54 54 54 54 54 54 54 54 54 54 0 54 0 54 54 54 54 54 54 54 54 0 54 54 54 0 0 0 0 0 54 0 0 0 0 54 54 54 0 0 0 0 0 0 0 0 0 0 0 0 0 0 0 0 0 0 46 0 0 0 0 0 0 0 0 0 0 0 0 0 0 0 0 0 0 0 0 0 0 0 0 0 0 0 0 0 0 0 0 0 0 0 0
0 54 54 54 54 54 54 54 54 54 54 0 54 54 54 0 54 54 54 54 0 54 0 54 54 0 54 54 0 0 0 0 0 0 0 0 0 0 0 54 54 0 0 0 0 0 0 0 0 0 67 0 0 60 60 0 0 0 0 0 0 0 0 0 0 0 0 0 0 0 55 0 0 0 0 0 0 0 0 0 0 0 0 0 0 0 0 0 0 0 0 0 0 0 0 0
0 54 54 54 54 54 54 0 54 54 54 0 0 54 0 0 0 54 54 54 54 54 0 0 0 54 0 0 0 67 67 0 0 0 0 0 0 0 0 0 0 0 0 0 0 0 0 0 0 0 0 0 0 60 60 0 0 41 0 0 0 0 0 0 0 0 0 0 0 0 0 0 55 0 0 0 0 0 0 0 0 0 0 0 0 0 0 0 0 0 0 0 0 0 0 0
0 54 0 0 0 0 54 0 54 0 0 54 0 0 0 0 0 54 54 54 0 54 0 0 0 0 54 0 67 67 0 0 45 0 0 0 0 0 0 0 41 0 0 0 0 0 0 0 0 0 0 0 60 0 0 0 41 41 0 0 0 0 0 0 0 0 0 0 0 0 0 0 0 0 55 0 0 0 0 0 0 0 0 0 0 0 0 0 0 0 0 0 0 0 0 0
0 90 54 0 0 54 0 0 54 0 0 54 54 54 0 55 0 0 54 54 54 54 0 0 0 0 0 0 0 67 67 0 0 0 0 0 0 0 0 0 0 0 0 0 0 0 0 0 0 0 0 0 0 0 0 41 41 0 0 50 0 0 0 0 0 0 0 0 0 0 0 0 0 0 0 0 0 0 55 0 55 55 55 0 0 0 0 0 0 0 0 0 0 0 0 0
0 90 54 54 0 54 0 54 54 54 0 0 54 0 0 0 0 54 54 54 0 54 54 0 0 0 0 0 76 67 67 67 67 0 0 0 0 0 0 0 0 0 0 0 0 0 0 0 0 0 0 0 0 0 41 0 73 0 0 0 0 0 0 0 0 0 0 64 64 0 0 0 0 0 0 0 0 0 55 55 55 0 55 55 0 0 0 0 0 0 0 0 0 0 0 0
0 90 54 54 54 54 54 0 54 83 54 0 54 54 0 0 54 54 54 0 0 0 0 0 0 0 0 0 0 0 0 0 0 67 0 57 0 0 0 0 0 0 0 0 0 0 0 67 0 0 0 0 0 0 41 0 52 0 0 0 0 0 0 0 0 0 0 64 64 64 0 0 0 0 0 0 0 0 0 0 55 0 0 55 0 0 0 0 0 0 0 0 0 0 0 0
0 54 54 54 54 54 54 83 83 54 83 54 54 0 0 54 54 54 0 0 0 0 0 0 0 0 0 60 60 60 60 60 0 0 0 0 0 0 42 0 0 0 0 0 0 0 0 0 0 0 0 0 0 0 0 0 0 0 0 0 62 0 50 0 69 0 0 0 0 0 0 0 0 0 0 0 0 0 0 0 0 0 0 0 0 0 0 0 0 0 0 0 0 0 0 0
0 54 54 54 54 54 54 83 54 54 54 54 0 0 0 54 54 54 0 0 0 0 48 0 0 0 60 60 0 60 60 60 60 0 0 0 0 0 42 0 0 0 55 0 0 0 0 0 0 0 0 64 0 0 0 0 0 0 0 0 0 0 50 0 0 0 0 0 0 0 0 0 0 0 0 46 0 0 0 0 0 0 0 0 0 0 0 0 0 0 0 0 0 0 0 0
0 54 54 54 54 54 54 54 0 54 0 54 0 0 0 54 0 0 0 0 0 0 0 0 0 0 0 0 60 60 60 0 60 0 0 0 0 0 42 0 0 0 0 0 68 0 0 0 0 0 0 0 0 0 0 0 43 0 0 0 0 0 0 0 0 0 0 0 0 58 58 0 0 0 0 0 0 0 0 0 0 0 0 59 0 0 0 0 49 0 0 0 0 0 0 0
0 54 54 54 54 54 54 0 54 54 54 0 0 0 0 0 0 0 0 0 0 0 0 0 0 0 0 60 60 60 0 0 0 0 0 0 0 0 0 0 0 0 0 0 0 68 0 0 0 0 0 0 0 0 0 43 0 0 0 44 0 0 0 0 0 0 0 0 58 0 0 0 0 0 0 0 0 0 0 0 0 0 0 59 59 0 0 0 0 0 0 0 0 0 0 0
0 89 54 54 54 54 0 54 54 54 54 0 0 0 0 0 0 0 0 0 0 41 0 0 0 0 0 60 90 60 0 0 55 0 0 0 0 62 0 0 0 0 0 0 0 0 68 0 0 0 0 0 0 0 0 0 0 0 0 0 0 0 0 0 0 0 0 0 58 0 0 0 0 0 0 0 0 0 0 0 0 0 0 59 59 59 59 59 0 0 0 0 0 0 0 0
0 54 54 54 54 0 54 54 0 0 0 0 0 0 0 0 0 0 0 41 41 41 41 0 41 41 0 0 60 0 0 0 0 0 0 0 62 0 0 0 0 0 0 0 0 0 0 0 0 0 0 0 0 0 0 66 0 0 0 0 0 0 0 0 0 0 0 0 0 0 0 0 0 0 0 0 0 0 0 0 0 0 0 59 59 0 0 0 0 0 0 0 0 0 0 0
0 54 0 54 54 54 54 54 0 0 0 0 0 0 0 0 0 0 0 0 41 41 41 41 41 41 0 0 0 0 0 0 0 0 0 0 62 0 0 0 53 0 55 0 0 0 0 0 0 0 0 0 0 0 0 0 0 0 0 0 0 0 0 0 0 0 0 0 0 0 0 0 0 0 0 0 0 0 46 0 0 0 0 0 59 0 42 0 0 0 0 0 0 0 0 0
0 83 54 54 54 54 0 0 0 0 0 54 0 0 0 0 0 0 0 0 0 0 0 41 41 0 41 0 0 54 0 0 0 0 0 62 62 62 0 53 0 0 55 0 57 0 0 0 0 0 0 0 57 0 0 0 0 0 57 0 0 0 0 57 57 0 0 0 0 0 0 0 0 0 0 0 0 0 0 0 0 0 0 0 59 0 0 0 0 0 0 0 0 0 0 0
0 54 54 54 87 54 54 0 0 54 54 0 0 0 0 54 0 0 0 0 0 0 0 0 41 0 0 0 0 0 54 0 0 0 0 0 62 0 0 0 53 0 0 0 57 0 0 0 0 0 0 0 57 57 0 0 57 0 57 0 0 0 0 57 0 0 0 0 57 0 0 0 0 0 0 0 0 59 0 0 0 0 0 0 0 0 0 0 0 0 0 0 0 0 0 0
0 54 54 0 0 54 0 54 0 0 0 0 0 0 0 54 0 0 0 0 0 0 0 0 0 0 58 0 0 0 0 0 0 0 0 0 0 0 0 0 0 0 57 57 0 0 0 0 0 57 0 57 0 0 57 57 57 0 0 0 0 0 0 57 57 57 0 57 0 0 0 0 0 57 0 0 0 0 0 0 0 0 0 0 0 0 0 0 0 0 0 0 0 0 0 0
0 54 54 54 54 0 54 0 54 54 54 0 0 0 54 54 0 0 0 0 0 0 0 0 0 0 0 0 57 57 57 57 0 57 0 57 0 0 57 57 0 57 0 57 0 0 0 57 57 57 57 57 57 57 0 57 0 57 0 0 0 0 57 57 57 57 0 0 57 57 57 57 0 57 0 0 0 0 0 51 51 0 0 0 56 0 0 0 0 0 0 0 0 0 0 0
0 54 54 0 54 0 0 0 54 0 0 0 0 0 54 0 0 0 0 0 0 0 0 0 0 0 0 0 0 0 0 57 0 57 0 57 57 0 57 0 57 0 0 0 57 57 0 57 57 57 57 0 57 0 57 57 0 57 57 0 0 0 0 57 57 57 57 57 57 57 57 57 57 0 0 0 0 0 0 0 0 51 0 0 0 56 0 0 0 0 0 0 0 0 0 0
0 54 54 54 0 54 0 0 54 0 0 0 0 54 54 0 51 0 0 0 57 57 0 0 0 0 57 57 0 0 57 57 0 0 57 57 57 57 57 57 57 0 0 57 57 57 57 0 0 57 0 57 57 91 91 91 57 57 57 57 57 0 57 57 57 57 57 57 57 57 57 57 0 0 0 0 0 0 0 0 51 51 0 0 0 0 0 0 0 0 0 0 0 0 0 0
0 54 0 54 0 0 0 0 0 0 0 0 0 0 0 0 0 0 0 57 57 57 57 0 0 57 57 57 57 0 57 0 57 57 57 57 57 57 57 57 57 57 57 57 57 57 57 0 0 57 57 57 91 57 57 91 57 57 57 0 57 0 57 57 57 57 57 57 57 57 57 57 0 0 0 0 0 0 0 0 0 0 0 0 0 0 0 0 0 0 0 0 0 0 0 0
0 54 54 0 0 57 57 57 0 0 0 0 51 0 0 0 0 0 57 57 70 57 0 0 0 0 57 0 0 0 0 0 57 57 81 57 0 57 0 57 81 57 57 57 94 57 57 0 0 57 57 57 91 91 57 0 0 57 57 0 90 57 57 57 57 57 57 57 57 57 57 57 0 0 57 0 57 57 57 57 0 0 0 0 0 0 0 0 0 0 0 0 0 0 0 0
0 0 54 54 0 57 57 0 0 0 0 0 0 0 0 0 0 57 57 57 57 57 57 57 57 57 57 57 0 0 0 57 57 0 57 57 57 57 57 81 57 57 57 57 94 57 57 57 57 57 57 57 91 91 57 0 57 80 57 90 57 57 57 57 57 85 57 57 57 57 57 57 0 0 0 57 57 57 0 57 57 0 0 0 0 0 0 0 0 0 0 0 0 0 0 57
0 0 0 0 0 57 57 57 0 0 57 57 0 0 0 0 57 57 0 57 57 57 0 57 57 57 57 57 0 0 0 57 0 57 57 57 0 57 57 57 81 57 57 57 57 0 0 0 57 57 57 91 57 57 91 57 57 57 57 57 57 57 95 57 57 57 57 57 57 98 57 57 57 57 57 0 57 0 57 57 57 0 0 0 0 0 62 0 0 0 0 0 0 0 0 0
0 0 57 57 57 57 57 57 0 57 57 0 0 57 0 57 57 0 57 57 57 57 57 57 57 57 57 57 57 0 57 57 57 57 57 57 93 57 57 57 57 57 57 0 57 57 57 57 57 57 57 57 57 57 57 0 57 57 57 57 82 57 95 95 57 57 0 0 57 57 57 0 0 0 0 0 57 0 0 0 0 0 0 0 0 0 0 0 0 0 0 0 0 0 0 0
0 0 57 57 57 57 0 0 57 57 0 0 0 57 0 57 57 57 57 0 0 57 57 57 0 57 57 0 57 57 57 57 57 57 57 57 57 93 93 57 57 57 57 57 57 57 97 57 82 82 82 57 92 57 57 57 82 82 82 57 57 57 57 57 57 57 0 0 0 57 0 0 0 57 0 57 0 57 0 0 0 0 0 0 0 0 0 0 0 0 0 0 0 0 0 0
0 57 57 0 57 57 0 0 0 0 0 0 57 0 57 57 57 57 57 57 57 0 57 57 57 57 57 57 57 57 57 57 57 77 57 57 57 57 57 57 57 57 57 57 57 57 57 57 57 82 82 57 57 57 57 57 57 82 82 57 57 57 57 57 57 57 0 57 57 57 57 0 57 57 0 57 0 57 0 0 0 0 0 0 0 0 0 0 0 0 0 0 0 0 0 0
0 57 57 57 57 0 0 0 57 57 57 57 57 57 0 57 57 83 57 0 0 57 93 57 57 57 57 57 0 57 57 57 57 57 77 57 97 57 0 57 86 57 57 57 0 57 82 57 82 82 57 57 82 82 82 82 82 82 82 57 83 57 57 57 95 57 57 57 84 57 57 57 57 57 86 57 57 0 0 0 0 0 0 0 0 0 0 0 0 0 0 0 57 0 57 57
0 57 57 57 57 57 0 0 57 0 0 57 57 57 57 0 0 57 57 57 57 57 57 57 57 95 95 57 57 91 57 57 57 0 57 57 57 57 57 57 57 57 57 92 57 82 57 82 57 82 82 57 57 82 57 82 82 82 82 57 57 57 57 57 57 95 57 57 57 57 0 57 57 57 57 57 57 57 0 0 0 0 0 0 0 0 0 0 0 0 0 57 0 57 57 0
0 57 57 57 57 57 0 0 0 57 0 57 57 57 57 57 57 57 57 57 57 57 57 57 57 57 57 57 57 57 91 57 57 0 0 57 0 0 57 57 97 97 57 57 57 57 57 57 82 57 57 82 57 82 82 57 82 57 57 57 82 57 70 70 57 57 57 57 0 57 0 57 57 57 57 57 57 0 0 0 0 57 0 0 0 0 0 0 0 46 0 0 0 57 0 57
0 57 57 57 57 0 0 57 57 0 0 57 57 57 57 0 57 57 57 0 0 57 57 57 86 57 57 86 57 57 57 57 0 0 0 0 0 57 57 57 57 57 57 57 57 57 57 57 57 57 57 82 57 57 57 57 57 82 82 82 82 57 57 57 57 57 57 57 0 57 0 57 57 57 57 57 57 57 0 0 0 57 0 0 0 0 0 0 0 0 0 57 57 57 0 57
0 57 57 57 57 0 57 57 0 0 0 57 57 57 57 57 57 57 57 57 0 57 57 57 86 86 86 57 57 57 0 57 0 0 0 0 57 57 57 57 57 57 88 57 86 86 86 57 57 57 57 57 57 57 0 57 82 82 82 82 57 57 57 57 93 57 57 57 57 57 57 57 57 57 98 57 57 57 57 0 0 0 57 0 0 0 0 0 0 0 0 57 57 0 0 57
0 0 57 0 57 57 57 57 57 57 57 57 57 0 57 57 57 57 57 57 86 57 57 86 86 86 57 57 57 57 0 57 0 0 57 57 57 57 57 57 88 88 88 57 86 86 57 57 57 57 57 57 82 57 57 82 82 57 57 57 57 57 57 57 57 57 0 0 57 57 57 57 57 98 57 57 57 0 57 57 0 57 57 0 0 0 0 0 0 0 57 57 57 57 57 57
0 57 57 57 57 57 0 57 57 57 0 0 0 57 57 57 0 57 57 57 57 86 86 57 86 57 57 71 57 57 0 57 0 0 57 57 57 57 88 88 88 57 57 57 86 57 57 0 0 57 57 82 82 82 57 57 82 57 57 57 57 57 57 57 57 57 57 57 57 57 91 57 57 57 57 57 0 0 0 0 0 57 57 0 0 0 0 0 57 57 57 57 57 57 57 57
0 57 57 57 57 57 57 57 57 57 57 0 57 57 57 57 57 57 57 79 57 57 86 86 57 86 57 57 57 57 0 57 57 57 0 57 57 57 57 0 57 57 57 57 57 86 57 0 0 57 57 82 82 82 57 82 82 82 57 57 57 57 82 57 82 57 57 82 57 57 57 57 57 57 57 0 0 0 57 57 57 57 57 0 57 57 57 57 57 57 57 57 57 57 57 0
0 57 57 57 78 57 57 57 57 0 57 57 57 57 95 57 57 57 57 57 57 57 86 57 57 57 57 57 0 0 57 57 57 0 0 0 57 57 57 57 0 57 57 57 0 0 0 0 0 57 57 57 82 57 82 82 82 82 82 57 57 57 82 82 82 82 57 57 57 75 57 57 57 57 0 57 57 0 57 57 57 57 57 80 57 57 57 57 57 57 0 57 57 57 57 57
0 0 57 0 57 57 57 57 81 57 57 81 57 95 57 57 57 83 57 57 57 86 86 86 86 86 57 57 0 0 57 0 57 57 0 0 57 57 0 0 0 57 57 57 57 57 57 57 0 0 57 57 57 82 57 57 57 82 82 82 82 57 57 82 82 57 57 57 57 57 57 57 57 57 57 57 57 0 57 0 57 80 80 80 57 57 57 57 57 57 57 57 57 57 57 57
0 57 57 57 0 57 57 57 81 81 81 57 57 57 57 57 57 83 57 57 86 57 86 86 86 86 57 57 0 0 57 57 57 57 0 57 57 57 0 0 0 0 57 57 57 57 57 57 57 57 57 57 82 82 82 57 57 82 82 82 82 82 82 82 82 82 82 57 57 57 57 87 57 57 57 57 57 57 57 57 57 80 80 80 57 57 0 57 57 57 57 57 57 57 57 57
0 57 57 57 57 57 57 57 57 81 81 57 57 0 57 57 57 57 57 57 57 57 57 86 86 57 57 57 0 57 57 0 57 57 57 57 57 57 57 57 57 57 57 57 57 57 57 57 57 57 57 82 82 82 82 57 57 82 82 82 82 82 55 82 82 82 57 57 57 57 57 57 57 57 57 57 0 57 57 57 80 80 80 80 57 57 57 57 57 0 57 77 57 77 57 57
0 57 0 57 57 57 91 57 57 81 57 57 57 57 57 57 57 85 57 57 57 57 57 86 57 57 0 0 57 0 0 57 57 57 57 57 92 92 57 57 57 57 57 57 57 57 57 57 57 82 82 82 82 45 82 82 82 57 82 82 82 82 55 82 82 82 82 82 82 57 57 57 57 57 57 57 57 57 80 80 80 57 80 80 80 57 57 57 57 57 57 57 77 57 77 57
0 57 57 57 57 57 91 57 57 57 57 57 57 57 57 57 57 57 57 99 99 57 57 57 57 57 0 57 57 57 57 57 82 57 57 57 57 57 57 57 57 57 57 57 0 96 96 57 57 57 57 57 82 82 82 57 57 82 82 49 82 82 82 55 82 82 82 82 82 0 57 57 57 57 57 57 57 57 80 80 57 57 57 80 80 57 57 57 57 96 57 57 57 57 57 57
0 82 57 91 91 91 91 91 57 57 57 57 57 57 0 57 0 0 99 57 99 99 99 57 57 57 0 0 57 57 57 57 82 57 57 82 82 82 82 82 0 57 57 57 57 57 57 96 57 57 57 57 57 82 82 57 82 57 82 82 82 82 82 82 55 82 82 82 82 57 57 57 57 57 57 57 57 57 80 57 57 57 57 57 57 57 80 57 57 57 57 57 95 57 57 57
0 82 57 91 91 91 91 91 57 57 57 57 57 57 0 0 0 57 57 57 99 99 57 57 57 57 57 57 57 57 57 57 82 57 57 82 82 57 57 57 57 57 57 0 57 57 57 57 57 57 0 82 82 57 82 57 57 82 82 82 82 82 82 82 82 55 82 82 82 82 57 82 82 82 82 82 57 57 80 80 80 80 80 57 57 80 57 80 57 73 57 57 57 57 57 57
0 82 57 91 52 91 91 91 91 91 91 57 57 89 57 57 57 0 57 57 99 99 57 57 57 57 57 57 57 57 57 57 57 82 57 82 82 82 57 57 57 57 57 57 0 0 57 57 57 57 0 57 82 82 82 82 82 82 82 82 82 82 82 82 82 82 82 82 51 82 57 82 82 82 57 82 57 57 57 80 57 57 80 80 57 80 80 57 57 57 57 57 57 57 85 57
0 57 57 91 91 52 91 91 91 91 57 57 57 57 57 57 0 57 57 57 57 99 99 57 57 0 57 57 82 82 57 82 57 82 57 82 57 82 82 82 82 57 82 57 57 57 57 57 57 0 57 57 57 82 82 57 82 82 82 82 82 82 82 82 82 82 82 82 82 82 57 57 82 57 57 82 57 57 80 80 57 57 57 80 80 80 57 0 57 57 57 0 57 57 57 57
0 91 91 91 52 91 91 91 91 91 91 57 57 57 57 57 57 57 57 57 57 57 99 57 57 57 82 82 82 82 82 82 82 82 57 57 57 82 82 82 82 82 82 57 57 57 57 57 57 57 57 57 57 57 57 82 82 82 82 82 82 82 82 82 82 82 82 82 82 82 82 82 82 82 57 82 57 80 80 57 57 57 57 57 80 80 80 57 57 57 80 57 57 57 57 85
0 91 91 91 91 91 91 57 91 91 57 57 57 57 57 57 57 78 57 78 57 99 99 57 57 82 82 82 57 57 82 82 82 82 57 57 82 82 82 82 82 82 82 82 82 57 82 57 82 57 82 82 82 57 82 82 82 59 82 82 82 82 82 82 82 82 82 82 82 82 82 82 82 82 57 57 57 57 57 57 57 57 57 80 80 80 80 57 57 80 80 57 57 57 85 57
0 91 57 91 91 91 91 57 91 91 91 57 0 57 0 57 78 57 78 57 57 57 57 57 57 57 82 82 57 57 57 57 57 57 57 82 82 57 57 82 82 82 82 82 82 82 82 82 82 57 82 82 82 82 82 82 82 82 82 41 82 82 82 82 82 82 82 65 65 82 82 82 57 57 0 57 57 57 57 57 57 57 57 57 80 80 80 80 80 57 57 57 85 85 57 57
0 57 57 57 91 91 57 57 91 57 57 57 57 57 57 57 57 57 57 57 57 57 57 57 57 82 57 57 57 57 57 57 82 82 57 57 57 82 82 82 82 82 82 82 82 82 82 82 82 57 82 82 82 82 82 82 82 48 82 82 82 82 82 82 82 61 82 82 82 82 82 82 82 57 57 82 57 57 57 57 57 57 57 57 57 57 57 80 80 57 57 85 57 85 57 57
0 57 57 57 91 91 91 57 57 57 57 57 57 57 82 57 57 57 57 57 57 57 57 82 82 82 57 57 57 57 82 82 82 82 82 57 57 57 57 82 82 82 82 82 82 82 82 82 82 82 82 82 82 82 82 69 82 82 82 43 43 82 82 82 61 82 82 82 48 82 82 82 57 82 82 82 82 57 82 82 57 57 82 57 0 57 57 80 80 57 57 57 57 57 57 57
0 57 71 57 91 91 91 57 57 57 57 57 57 57 57 82 82 82 82 82 57 82 82 82 46 82 57 57 57 82 82 82 82 82 82 57 57 57 57 82 82 82 82 82 82 82 82 82 82 82 82 82 82 82 82 82 82 82 82 43 82 82 82 82 82 82 82 82 82 82 82 82 82 82 82 57 57 82 57 82 82 82 82 82 57 57 80 57 80 80 80 80 57 80 57 79
0 57 0 57 91 91 91 57 57 57 79 57 82 57 57 57 82 82 82 57 82 82 82 82 46 82 57 57 57 82 82 82 57 82 57 57 82 82 82 82 82 57 82 82 82 82 48 82 82 82 82 62 62 82 82 82 82 82 82 82 82 82 82 82 82 82 47 82 82 82 82 82 82 82 57 82 82 82 57 82 82 82 82 57 82 57 57 57 57 80 57 57 80 57 57 57
0 0 0 57 57 57 57 57 82 57 79 57 82 57 82 57 82 82 82 82 82 82 82 82 46 82 82 82 82 82 82 82 82 57 57 82 82 82 82 82 82 57 82 82 82 82 82 82 82 82 82 62 82 82 82 82 82 82 82 82 82 82 82 82 47 47 82 82 82 82 82 82 82 82 57 82 82 82 82 82 82 82 82 82 82 82 57 57 57 57 57 80 80 57 57 0
0 0 57 57 57 57 82 82 82 57 57 57 82 57 82 82 82 82 82 82 82 82 82 82 82 82 82 82 82 82 82 82 82 82 82 82 82 82 82 82 82 82 57 82 82 82 82 82 82 82 82 82 82 82 82 82 53 82 82 82 82 82 82 82 47 82 82 82 82 82 82 82 57 82 82 82 82 82 82 82 82 82 82 82 49 82 57 57 57 57 80 57 80 57 57 57
0 0 57 57 57 57 57 82 82 82 57 82 57 82 82 82 82 82 82 82 82 82 82 57 82 82 82 82 82 57 57 82 82 82 82 82 82 82 82 82 82 82 82 57 82 82 82 82 82 82 82 82 82 82 82 82 82 53 82 82 82 82 82 82 47 82 82 82 82 82 57 57 57 57 82 82 82 82 82 82 82 82 82 82 82 82 82 82 57 57 57 57 57 57 57 57
0 57 57 57 70 57 57 57 82 82 82 82 82 82 82 82 82 82 82 82 57 57 57 57 57 57 82 82 57 57 57 82 82 82 82 82 82 82 82 82 82 82 82 82 57 82 61 82 82 82 82 82 82 82 82 82 82 82 82 82 82 82 82 82 82 82 57 82 82 82 82 57 57 57 82 82 82 82 82 82 82 82 82 82 82 82 82 82 82 57 57 57 57 57 57 57
0 57 57 57 70 57 70 57 82 82 57 57 57 82 82 82 41 82 82 57 57 57 57 70 70 57 82 57 57 57 57 57 82 82 82 82 82 59 82 82 82 82 82 82 57 82 82 61 82 50 82 82 82 82 82 82 82 82 82 82 82 82 82 82 82 82 82 57 82 82 57 57 57 57 82 82 82 82 82 82 82 82 82 82 82 82 82 82 82 57 82 57 57 0 57 57
0 57 57 57 70 57 57 57 57 57 57 82 82 82 82 41 41 82 82 57 0 0 57 57 57 57 57 57 57 57 57 57 82 82 82 82 82 82 82 82 82 82 57 82 82 82 82 82 82 82 82 82 82 82 82 82 82 82 82 82 82 82 82 82 82 82 82 57 82 57 57 82 82 57 57 57 82 57 57 57 57 57 82 82 57 82 57 57 57 82 82 82 57 57 57 57
0 57 57 57 57 70 57 57 57 57 57 82 82 82 82 82 41 41 82 82 57 57 57 57 57 57 57 57 57 57 57 57 82 82 82 82 82 82 82 82 82 82 82 57 57 82 82 57 57 82 57 57 82 82 82 82 82 82 82 82 82 82 82 57 57 82 57 82 82 82 57 57 57 57 57 57 57 82 82 57 57 57 57 57 82 82 82 82 82 82 82 57 57 57 57 57
0 57 57 57 57 57 57 82 57 57 82 82 82 82 82 82 82 41 82 82 57 57 57 57 57 57 76 57 57 57 57 57 57 57 82 82 82 57 57 82 82 82 82 82 57 57 57 57 57 57 57 57 57 57 82 57 57 57 82 82 82 82 82 82 57 57 57 57 82 57 82 57 57 57 57 57 57 57 82 57 57 57 82 82 82 82 82 82 50 82 82 82 57 57 57 57
0 0 0 0 57 85 57 57 82 82 57 82 82 82 82 82 82 82 82 82 82 57 57 57 57 57 57 76 57 57 0 57 57 0 82 57 82 82 82 57 82 57 57 57 82 57 57 0 0 57 57 0 57 57 57 57 57 57 57 57 57 82 57 82 57 0 57 57 82 82 57 57 57 57 57 57 57 82 82 57 57 57 57 82 82 82 82 82 82 82 82 57 57 57 57 0
0 0 57 57 57 57 57 57 57 82 57 57 57 82 82 82 82 82 82 82 82 82 57 90 90 90 57 57 0 0 0 0 57 57 82 57 82 57 57 82 82 82 57 57 82 57 0 57 0 57 57 57 57 57 57 94 94 57 57 57 82 57 57 57 0 57 57 57 82 82 57 57 57 57 57 57 82 57 57 57 57 57 82 57 57 82 82 82 82 82 57 57 57 57 0 0
0 57 57 57 57 57 57 76 57 57 57 57 57 82 57 82 82 82 82 64 82 57 57 90 90 90 90 57 57 57 57 0 57 82 57 57 82 57 57 82 57 57 57 57 57 57 57 0 0 0 57 57 57 57 57 57 94 94 57 57 57 57 57 57 57 57 57 57 57 57 57 57 0 0 57 57 57 57 57 0 57 57 57 57 57 82 82 82 82 82 57 57 0 0 0 0
0 57 0 57 0 0 0 0 57 57 57 57 57 57 57 57 82 82 82 82 82 57 57 90 90 90 90 57 57 57 0 57 57 57 57 57 82 57 57 57 57 57 57 57 94 57 94 57 0 57 94 57 94 94 94 57 94 94 0 57 57 57 57 57 89 57 57 57 57 57 57 57 0 0 57 57 57 57 0 57 77 57 57 57 57 57 57 57 82 82 57 57 57 57 0 0
0 57 57 57 0 57 0 57 57 57 57 0 93 57 57 57 57 57 82 57 57 57 57 57 90 90 57 57 57 57 57 57 57 57 57 0 57 57 0 57 57 57 57 57 94 57 57 57 57 94 57 94 94 94 94 94 57 57 57 57 57 57 57 57 57 57 99 57 57 57 57 57 0 57 57 0 0 0 57 0 57 57 57 57 57 57 57 57 57 57 57 57 57 57 57 57
0 57 0 57 57 0 0 0 0 57 57 57 57 57 57 57 0 57 82 82 57 57 57 90 90 90 57 57 57 57 57 0 57 57 0 0 0 0 0 0 0 57 57 57 57 94 94 94 57 57 94 57 94 57 57 57 57 57 57 89 57 57 57 57 57 57 57 57 57 57 57 57 57 0 57 0 0 57 57 57 57 57 57 57 57 57 57 57 0 57 57 57 0 0 0 0
0 57 57 57 57 0 0 0 0 57 57 57 57 82 57 0 57 57 82 82 57 57 57 57 90 57 57 57 57 57 57 57 57 57 0 0 0 57 0 57 0 57 57 57 94 57 94 94 94 57 94 94 94 57 57 57 57 57 57 57 57 98 98 57 57 57 57 57 57 57 57 0 57 57 57 57 57 57 0 57 57 57 57 57 57 57 0 0 57 0 57 0 57 0 48 0
