temp/random_landscape_hqmqlq_quality.asc
north: 512
south: 0
east: 512
west: 0
rows: 512
cols: 512
[rows 292 to 364 of 512, columns 384 to 479 of 512]
47 47 47 47 47 0 0 0 0 0 0 0 0 0 0 0 0 0 0 0 0 0 0 0 0 0 0 0 0 0 0 0 0 0 0 0 0 0 0 0 0 0 0 0 0 0 68 0 68 0 68 0 68 68 68 0 0 0 0 0 0 0 0 68 0 0 68 68 97 68 0 0 0 0 0 0 0 0 0 0 0 0 0 0 0 0 0 0 0 0 0 0 0 58 58 0
91 91 47 47 47 47 0 57 0 0 0 0 0 0 0 0 0 0 0 0 0 0 0 0 0 0 0 0 0 0 0 0 0 66 0 0 0 0 0 0 0 0 0 0 0 0 0 68 0 0 68 0 68 68 68 0 0 0 0 0 0 0 68 68 0 68 68 68 68 68 0 0 0 0 0 0 0 0 0 0 0 0 0 0 0 0 0 0 0 0 0 0 0 58 58 58
91 47 47 47 47 47 0 57 57 57 0 0 0 0 44 0 0 0 0 0 0 0 0 0 0 0 0 0 0 0 0 0 0 0 66 0 54 0 43 43 43 0 0 0 0 68 0 68 68 68 68 68 68 68 68 68 0 68 0 0 68 68 68 68 68 68 68 68 68 0 0 0 0 0 0 0 0 0 0 0 0 0 0 0 0 0 0 0 0 0 0 0 0 0 0 0
47 47 47 0 47 0 0 0 57 57 0 0 0 0 0 0 0 0 0 0 0 0 0 0 0 0 0 0 0 0 0 0 0 0 0 0 0 0 43 0 43 0 0 0 0 0 68 68 68 68 68 68 0 0 68 0 68 68 68 68 68 68 68 68 0 68 68 68 68 68 0 0 0 0 0 0 0 0 0 0 0 0 0 0 0 0 0 0 0 0 0 0 0 0 0 0
80 47 47 0 0 0 57 57 0 57 57 0 0 0 0 0 0 0 0 0 67 0 0 0 0 0 0 0 0 0 0 0 0 0 0 0 0 43 0 0 0 0 0 0 0 0 0 68 68 68 68 68 68 0 68 0 68 68 68 68 68 68 68 68 0 68 68 0 0 0 0 0 0 0 0 0 0 0 51 0 66 0 0 0 0 0 0 0 0 0 0 0 0 0 0 0
47 47 47 0 57 57 57 57 57 57 0 0 0 0 0 0 0 0 0 0 0 0 0 0 0 0 0 0 0 0 0 0 0 0 0 0 0 0 0 0 0 0 0 0 0 0 68 68 78 68 68 68 68 68 68 68 68 68 68 68 68 0 0 68 0 0 0 0 0 0 0 0 0 0 0 0 0 0 0 0 66 0 0 0 0 0 0 0 0 0 0 0 0 0 0 0
47 47 47 0 0 57 57 57 0 0 0 0 0 0 0 0 0 0 0 0 0 0 0 0 0 0 0 0 0 0 0 0 0 0 48 48 0 0 0 0 0 0 68 68 68 68 68 68 68 68 68 68 68 68 68 68 68 68 0 68 68 0 68 68 0 59 0 0 0 0 0 0 0 0 0 0 0 0 49 0 0 0 0 0 0 0 0 0 0 0 0 0 0 0 64 0
0 0 0 0 0 0 57 57 57 57 0 57 0 0 0 0 57 0 0 0 0 0 0 0 0 0 0 0 0 0 0 0 0 0 48 48 0 0 0 0 0 0 0 68 68 0 68 68 68 68 68 68 68 68 0 0 0 0 0 0 68 0 68 68 0 0 0 0 0 0 0 0 0 0 0 0 0 0 0 0 0 0 0 0 0 0 0 0 0 0 0 0 0 0 0 0
53 0 0 0 0 0 0 57 0 57 57 57 57 0 0 0 57 57 0 0 0 0 0 0 0 40 0 0 0 0 59 0 48 48 0 48 48 0 0 0 0 0 68 68 79 68 68 68 68 68 68 68 68 68 68 0 0 0 0 68 68 68 68 68 68 0 0 0 0 0 0 0 0 0 0 0 0 0 0 0 0 0 0 0 0 0 0 0 0 0 0 0 0 0 0 0
0 0 0 0 0 0 0 0 0 57 0 57 0 0 0 57 57 57 0 0 0 0 0 0 0 0 40 0 0 0 0 0 0 48 48 0 0 48 0 68 0 68 68 68 79 79 68 68 68 68 68 68 0 0 68 0 0 0 0 0 0 0 0 68 68 68 0 0 0 57 0 0 57 0 0 0 0 0 0 0 0 0 0 0 0 0 0 0 0 0 0 0 0 0 0 0
0 0 0 0 0 0 0 0 57 0 0 57 0 0 0 57 57 57 0 0 0 0 0 0 0 0 0 0 61 61 0 0 0 48 0 0 0 48 0 0 68 0 68 68 68 68 0 68 68 68 68 68 0 68 68 0 0 0 0 0 0 0 0 68 68 0 0 0 57 0 57 57 57 0 0 0 0 0 0 0 0 0 0 0 0 0 0 0 65 0 0 0 0 0 0 0
0 0 0 0 0 0 0 57 57 57 0 57 57 57 0 57 57 57 0 0 0 0 0 0 0 0 0 0 61 61 0 0 0 0 0 0 0 0 0 0 68 84 68 68 68 68 68 68 68 68 68 68 0 0 0 0 0 0 0 0 0 0 68 68 68 0 0 57 0 0 0 0 57 0 0 0 0 0 0 0 0 0 0 0 0 0 0 65 0 0 0 0 0 0 0 0
0 0 0 57 57 0 57 57 57 0 57 57 57 57 0 57 0 0 0 65 0 0 0 0 0 0 61 61 61 61 61 61 0 61 0 0 0 0 0 0 68 68 68 68 68 68 68 0 68 0 68 68 0 0 0 0 0 0 0 0 68 68 68 68 0 0 0 0 0 0 0 0 57 0 0 0 0 0 0 0 0 0 0 0 0 0 0 65 65 0 0 0 56 0 0 0
0 57 57 57 0 0 57 0 57 0 57 57 57 57 57 0 0 0 0 0 0 0 0 0 0 0 61 61 61 61 61 0 61 61 61 61 0 68 0 68 68 68 0 68 0 0 0 0 0 68 68 68 0 0 0 0 0 0 0 0 68 0 0 0 68 0 0 0 0 0 63 0 57 57 0 0 0 0 0 0 0 0 0 0 0 0 65 65 0 0 0 0 0 0 0 0
0 0 57 57 0 57 57 0 0 57 0 57 0 57 57 57 0 0 0 0 0 0 50 0 0 0 0 0 0 0 0 61 0 0 0 61 0 0 68 68 68 0 68 0 0 0 0 0 0 0 0 0 0 0 0 0 0 0 0 0 68 68 0 0 0 0 62 0 0 0 0 0 57 57 0 0 0 0 0 0 0 0 0 0 0 0 65 0 0 0 0 0 0 0 0 0
0 0 57 57 57 57 57 57 57 0 0 57 0 57 57 57 0 0 0 0 50 50 0 50 0 0 0 50 0 0 0 0 0 50 0 0 0 0 0 0 0 68 0 0 0 0 0 0 0 62 0 0 0 0 0 0 0 0 0 0 0 0 0 61 0 0 0 0 0 0 0 0 57 0 0 0 0 0 0 0 0 0 0 0 0 0 65 0 0 0 0 0 0 0 0 0
57 57 57 57 57 57 57 57 57 0 0 0 57 57 57 0 0 0 89 0 50 50 0 50 50 0 50 0 50 0 0 0 0 50 0 0 0 0 0 0 0 0 0 0 66 0 56 0 0 0 0 0 0 0 0 0 0 0 57 0 0 0 0 0 0 0 0 0 0 0 0 57 57 0 0 0 0 0 0 0 0 0 0 0 0 0 65 0 0 0 0 0 0 0 0 0
0 0 57 0 57 57 57 57 57 57 0 57 57 57 0 0 0 0 48 0 50 50 0 50 0 50 50 50 50 0 0 0 50 50 50 0 0 0 0 0 0 47 0 0 66 0 0 0 0 0 0 0 0 0 0 0 57 57 0 0 0 0 0 0 0 0 0 0 0 0 0 0 57 0 0 0 0 0 0 0 0 0 0 0 0 0 0 0 0 0 0 0 0 0 0 0
0 57 57 57 57 57 57 57 57 0 0 0 0 57 0 0 0 0 48 0 50 0 0 0 50 50 50 50 50 50 0 50 0 0 50 0 56 0 0 0 47 0 0 0 66 0 0 0 0 0 0 0 53 0 0 0 57 57 57 57 75 0 0 0 0 0 59 0 69 0 53 0 57 0 0 0 0 0 0 0 0 0 0 0 0 0 0 0 61 61 0 0 0 0 0 0
57 57 57 57 90 57 57 57 57 57 57 57 57 0 0 0 0 0 0 0 0 0 0 50 50 50 50 50 50 0 50 50 50 50 50 0 0 0 0 0 0 0 0 0 0 0 0 0 0 0 0 0 0 0 0 0 57 90 57 57 57 57 0 0 0 0 0 0 0 0 0 0 0 57 0 0 0 54 0 0 0 0 0 0 0 0 66 0 0 0 0 0 0 0 0 0
57 57 57 57 90 90 57 57 82 57 96 57 57 0 0 0 0 0 0 0 50 0 50 50 0 0 0 50 50 50 0 50 50 0 50 0 0 0 0 0 0 0 0 0 0 0 0 0 0 0 0 0 0 0 0 57 90 57 57 57 57 0 0 0 0 0 0 0 0 0 59 0 0 0 0 0 0 0 0 0 0 0 0 0 0 0 66 66 66 66 0 0 0 0 0 0
0 57 57 57 57 90 57 57 57 57 0 0 0 57 0 0 0 50 0 50 0 50 50 0 0 0 0 0 50 50 0 50 50 0 50 50 50 0 0 0 0 0 0 0 0 0 0 0 0 0 0 0 0 0 57 57 57 0 0 0 57 0 0 0 57 57 0 0 0 0 0 0 0 0 0 50 0 0 57 0 0 0 0 51 0 0 0 66 0 0 0 0 0 0 0 0
57 0 57 0 57 57 57 57 57 57 57 57 0 0 0 0 0 0 50 0 0 50 50 0 0 0 46 0 0 0 0 0 0 0 0 50 92 50 0 0 0 0 0 0 0 0 51 51 0 56 0 0 0 57 57 0 0 0 0 0 0 0 0 0 57 57 0 0 0 0 0 0 0 0 0 0 0 0 0 0 0 57 0 0 0 0 0 0 0 0 0 0 0 0 0 0
0 0 57 57 57 57 57 57 0 57 0 0 0 0 0 0 0 0 0 0 50 0 0 0 0 0 0 0 0 0 0 0 0 0 0 50 50 0 50 0 0 0 0 0 0 0 0 51 0 0 0 0 0 0 57 57 57 0 0 0 57 57 57 0 0 57 0 0 0 57 0 0 0 0 0 0 0 0 0 57 0 57 0 0 0 0 0 0 0 0 0 0 0 0 0 0
0 57 0 57 57 57 57 57 57 57 57 0 0 0 0 0 0 0 0 0 0 50 50 0 0 0 0 0 0 0 0 0 0 0 0 50 50 0 0 0 0 0 0 0 0 0 0 0 0 0 0 0 62 0 0 0 57 0 0 57 57 57 57 57 70 57 57 0 0 57 0 0 0 0 0 0 0 0 57 57 57 0 0 0 0 0 0 0 0 0 0 0 0 0 0 0
57 57 57 0 57 57 57 57 0 57 0 0 0 0 0 0 0 0 0 0 0 0 0 0 0 0 0 0 0 0 0 0 60 60 0 0 0 0 0 0 0 0 0 0 0 62 0 51 51 0 51 0 62 0 0 0 57 57 57 57 57 72 57 57 57 57 57 57 0 57 57 57 0 57 57 0 0 0 0 0 57 57 57 0 0 0 0 0 0 0 0 0 0 0 0 0
57 57 57 57 57 57 57 57 57 0 0 0 0 0 0 0 0 0 0 0 0 0 0 0 0 0 0 0 0 0 0 0 0 0 0 0 0 0 0 62 70 62 0 0 0 62 87 51 51 51 0 0 0 0 0 0 0 57 0 57 57 57 72 72 72 57 0 0 57 57 0 57 57 57 57 57 57 0 57 57 0 57 57 0 57 0 0 0 0 0 0 0 0 0 0 0
70 70 57 74 57 57 57 0 0 0 0 0 0 0 0 0 0 0 0 0 0 0 0 0 0 66 0 0 0 0 0 0 0 0 0 62 0 53 0 62 62 62 62 62 62 0 0 0 0 0 51 0 0 0 0 0 0 0 0 0 0 57 72 72 57 57 57 57 57 57 0 57 57 57 0 0 57 57 57 57 57 88 57 57 0 0 0 0 0 0 0 0 0 0 0 0
70 70 57 57 0 57 57 0 0 0 0 0 0 0 0 0 0 0 0 0 0 0 0 0 0 0 0 58 58 0 0 0 0 0 0 0 0 0 0 62 62 62 62 62 70 62 0 62 0 0 51 0 0 0 0 0 0 0 57 57 57 72 57 57 72 72 57 57 57 57 57 57 57 57 0 0 57 57 57 88 88 57 0 0 0 0 0 0 0 0 0 0 0 0 0 0
70 57 57 57 57 57 0 0 0 0 0 0 0 0 0 0 0 0 0 0 0 66 0 0 58 58 0 0 0 0 0 0 0 0 49 49 0 0 0 62 62 62 62 62 62 0 0 62 0 0 0 0 0 0 0 0 0 57 57 57 57 57 57 57 57 57 57 71 57 57 57 57 57 57 0 57 57 0 57 57 57 88 57 57 0 0 0 0 0 0 0 0 0 0 0 0
57 57 57 57 57 57 57 0 0 0 0 0 0 0 0 0 0 0 0 0 0 66 0 0 0 0 58 0 0 0 46 0 0 0 49 0 0 0 0 62 62 62 0 0 0 0 62 62 62 0 0 0 62 62 0 0 0 0 0 57 0 57 73 57 57 57 71 71 57 57 57 0 57 0 0 57 92 57 57 57 57 57 57 57 0 0 0 0 0 0 0 0 0 0 0 0
57 57 57 57 57 57 57 57 57 0 0 0 0 0 0 0 0 0 0 0 66 0 0 0 0 0 0 0 0 0 0 0 0 0 0 0 0 0 0 62 62 62 62 62 62 62 62 62 62 62 0 0 62 62 62 0 0 0 0 0 0 57 73 57 57 57 57 57 57 57 57 0 57 57 0 57 57 57 57 0 57 57 0 0 0 0 0 0 0 0 0 0 0 0 0 0
57 57 57 57 57 57 95 57 57 0 0 0 0 0 0 0 0 0 0 0 0 0 0 57 0 0 64 0 0 0 0 0 0 57 57 57 0 0 0 0 0 62 62 62 62 62 62 62 62 62 0 62 62 62 0 0 0 0 0 0 57 73 73 57 57 57 57 57 0 0 0 0 81 57 57 57 57 57 0 57 57 0 0 0 0 0 0 0 0 0 0 0 0 0 0 0
57 57 57 57 57 57 57 57 0 57 57 0 0 0 0 0 0 0 0 0 0 57 57 57 57 0 0 0 0 46 0 0 0 0 0 57 57 57 0 62 62 0 62 62 62 62 62 62 62 62 62 0 62 0 0 0 0 0 57 57 0 57 57 57 57 57 57 57 0 57 57 57 57 57 57 57 57 0 0 0 57 57 0 0 0 0 0 0 0 0 0 0 0 0 0 0
99 99 99 99 99 57 57 57 57 57 0 0 0 0 0 0 0 0 0 0 0 57 57 0 57 0 0 0 0 0 0 0 57 57 0 57 0 0 0 0 0 0 62 62 62 62 62 62 62 62 62 62 62 0 62 0 0 0 0 0 57 57 57 57 0 0 57 57 57 57 0 57 57 0 57 57 0 0 57 57 0 0 0 0 68 0 0 0 0 0 0 0 0 0 0 0
57 99 99 99 99 57 57 57 57 0 57 57 57 57 57 0 0 0 0 51 0 57 0 57 57 57 57 0 57 57 57 57 57 57 57 57 0 0 0 0 0 0 0 62 62 62 62 62 62 62 0 62 62 0 0 0 0 0 0 0 0 0 0 0 57 0 57 0 0 57 0 0 57 0 0 0 0 57 57 57 57 0 0 0 0 0 0 0 0 0 0 0 0 0 0 0
57 57 99 57 57 57 0 0 0 57 57 57 57 0 0 0 0 62 0 0 0 57 0 57 57 57 57 57 57 57 0 57 57 57 57 57 0 0 0 0 0 0 0 62 62 79 79 62 0 62 0 62 94 62 62 62 62 0 62 0 0 0 0 57 57 57 0 0 0 0 57 57 57 57 0 0 57 57 57 57 0 0 0 57 0 0 0 0 0 0 0 0 0 0 0 0
57 0 57 99 99 57 57 57 57 0 57 57 0 0 0 0 0 62 0 0 0 0 57 0 57 57 57 0 57 57 57 57 57 57 57 0 0 0 57 0 0 0 0 62 62 79 79 62 62 62 62 62 0 0 62 0 0 62 0 0 0 0 57 0 57 57 57 57 57 57 57 0 57 0 0 0 57 57 57 57 0 0 57 57 57 0 57 0 0 0 0 0 0 0 0 0
57 57 99 99 99 99 57 57 57 57 57 57 0 57 0 0 0 0 62 0 0 0 0 0 57 57 57 57 57 57 0 57 57 57 57 0 57 0 0 57 57 0 0 0 62 62 62 62 0 62 62 62 0 0 0 0 62 0 0 0 0 57 57 57 57 57 57 57 57 57 0 0 57 57 0 57 57 57 57 57 0 0 57 57 57 57 57 0 0 0 0 0 0 0 0 0
57 99 99 99 57 0 57 57 76 57 57 0 57 0 57 0 0 0 0 0 0 0 0 0 0 0 57 0 0 57 57 57 57 57 57 57 57 0 57 0 57 0 0 0 62 62 62 62 0 0 0 0 0 0 0 0 0 0 0 0 0 57 57 57 57 57 57 57 57 0 57 57 57 57 0 57 57 0 57 57 0 57 57 57 57 57 57 0 0 0 0 57 0 0 0 0
57 57 57 57 57 57 57 57 57 57 57 57 95 57 0 0 0 0 0 0 0 0 0 0 0 0 0 0 0 0 57 57 57 57 57 57 0 57 0 0 57 57 0 0 0 0 0 0 62 0 0 0 0 0 0 0 57 0 0 0 0 0 57 57 57 57 0 57 0 57 57 57 57 57 57 0 0 57 57 57 57 57 57 57 57 57 57 57 57 57 57 57 0 0 0 0
57 89 57 57 57 75 57 57 75 57 57 0 57 57 0 0 0 0 0 0 0 0 0 0 0 0 0 0 0 0 0 0 57 57 0 0 57 0 57 0 57 57 0 0 0 0 41 0 0 0 0 0 0 0 0 0 0 0 60 60 0 0 0 57 57 0 57 57 57 57 57 57 57 57 57 57 57 57 57 57 57 57 57 57 57 57 57 0 57 57 0 0 0 0 0 0
89 57 57 57 57 57 75 75 75 57 0 57 81 57 0 0 0 0 0 0 0 0 0 0 0 67 67 0 0 0 0 0 0 57 0 0 0 0 0 57 57 0 57 0 57 0 41 0 0 0 0 0 0 0 0 0 0 0 60 0 60 0 0 57 57 57 57 57 57 57 57 57 57 57 86 57 57 57 0 57 0 57 75 57 0 57 57 57 0 57 57 0 0 0 0 0
89 57 57 57 75 75 57 75 75 57 57 57 57 0 0 0 0 0 0 0 0 0 0 0 0 67 0 67 0 0 0 0 0 57 57 57 57 57 0 57 57 0 57 57 0 0 0 0 0 0 0 0 0 0 0 0 60 60 0 60 0 0 0 0 0 57 57 57 57 57 57 98 57 57 57 86 57 57 0 57 57 57 75 57 57 57 57 76 57 0 0 0 0 0 0 0
89 89 57 75 57 57 57 75 75 57 57 57 57 0 0 0 0 0 0 0 0 0 57 0 0 0 0 0 0 0 0 57 0 0 0 0 57 57 57 57 0 57 57 57 57 0 0 0 0 0 0 0 0 48 0 60 0 60 0 0 0 0 0 0 0 0 0 57 95 57 57 98 98 57 57 57 57 57 57 57 57 57 57 75 0 57 57 57 57 57 0 0 0 57 0 0
89 89 57 57 57 75 75 75 75 57 57 57 0 0 0 0 0 0 0 0 0 0 0 57 0 57 57 0 57 57 0 57 57 0 57 0 0 0 0 0 57 57 57 57 0 0 0 0 0 0 57 0 0 0 0 0 0 0 0 0 0 0 0 0 0 0 0 57 57 57 98 98 98 98 57 98 57 57 57 57 57 57 0 57 57 57 57 57 57 0 0 0 57 57 57 0
89 57 0 57 57 75 75 75 57 57 57 0 57 0 0 0 0 0 0 0 54 0 0 0 57 0 57 57 57 0 0 0 0 57 57 57 57 0 0 57 0 57 0 57 0 0 0 0 0 57 0 57 57 0 0 57 0 57 0 0 57 0 0 0 0 57 57 57 57 98 98 98 57 57 57 98 57 57 0 57 98 57 57 57 57 57 0 57 57 57 57 57 57 0 0 0
57 57 57 57 57 57 57 75 57 57 0 0 0 0 0 0 0 0 0 0 0 54 0 0 57 57 0 0 57 57 0 0 0 57 57 83 57 83 57 0 57 57 57 57 57 57 57 57 57 0 0 57 0 57 57 0 57 0 0 0 57 57 57 0 0 57 57 0 57 98 57 57 57 98 98 98 57 57 0 98 98 57 57 57 57 57 0 57 57 0 57 57 0 0 0 0
0 57 57 57 57 57 57 57 57 57 57 0 57 0 54 0 0 0 0 59 0 0 0 57 57 57 57 57 57 95 95 57 0 57 57 57 83 57 57 57 57 57 57 57 57 57 57 57 57 57 57 57 0 57 57 57 57 0 57 57 57 57 57 0 57 0 0 57 57 98 57 57 57 57 98 57 57 57 57 57 98 57 57 57 57 57 0 0 0 57 57 57 57 0 0 0
57 74 57 57 57 0 57 57 57 57 57 57 0 0 0 0 0 59 59 0 0 0 0 0 0 0 57 57 57 95 95 57 57 57 57 57 83 57 57 57 57 57 57 71 57 57 57 57 57 57 57 57 0 57 57 57 57 57 57 57 57 57 57 57 57 57 0 0 57 98 57 98 57 98 98 98 57 98 57 57 98 98 98 98 57 0 57 57 57 57 57 57 57 57 0 0
57 74 74 57 57 57 57 57 57 57 57 57 0 0 0 57 0 0 0 0 0 57 57 0 0 57 57 57 57 95 57 57 57 57 57 57 0 57 57 57 57 57 0 57 57 57 0 57 57 57 57 57 57 57 91 91 57 57 57 57 57 57 57 57 84 57 0 57 98 98 98 98 98 98 42 98 98 57 57 98 98 57 57 57 57 57 57 57 95 57 95 57 57 57 57 0
57 57 74 57 57 57 57 57 57 57 0 0 0 57 0 57 57 57 57 0 57 0 57 0 57 57 57 57 57 57 57 57 57 57 57 57 57 57 57 0 57 57 57 57 57 0 57 78 57 57 57 57 57 57 57 57 57 89 57 57 57 57 57 84 84 57 57 57 57 98 98 98 98 98 98 98 98 98 98 98 98 98 98 57 57 57 57 57 95 95 57 57 57 57 0 0
81 57 57 57 0 57 80 0 0 57 57 57 57 57 57 57 57 57 57 57 57 57 57 57 0 0 57 75 57 57 57 57 57 57 57 57 57 57 0 57 57 57 84 57 0 57 57 57 57 57 57 57 57 57 89 57 89 89 57 57 57 57 57 84 84 57 57 57 57 57 57 98 98 98 98 98 98 98 98 98 98 98 98 98 57 57 57 95 95 95 95 57 57 57 0 0
57 57 57 57 57 80 80 57 57 57 57 57 57 57 57 57 57 57 57 57 57 57 57 57 57 57 57 75 75 75 57 57 57 57 57 99 57 57 57 57 57 57 57 57 57 57 57 57 57 78 57 57 57 89 57 89 57 57 57 57 57 57 57 57 57 57 57 57 57 57 57 98 98 98 98 98 98 98 98 98 98 98 57 57 57 57 57 95 95 95 95 57 57 57 0 0
57 57 57 80 80 57 80 57 57 57 57 57 57 57 57 0 57 84 57 57 57 57 57 57 57 57 75 75 75 75 75 57 57 75 57 57 57 57 57 57 57 57 57 57 77 77 57 57 57 57 78 57 89 89 57 57 57 57 0 57 57 57 57 57 82 57 72 57 72 57 98 57 98 98 98 98 98 98 98 98 98 98 57 57 57 57 95 95 95 95 95 57 57 57 57 57
57 57 57 57 57 80 57 57 57 57 81 81 57 57 57 84 57 57 57 0 57 57 57 57 57 57 57 75 75 75 75 75 75 57 57 96 57 57 57 57 57 57 77 77 77 77 77 57 57 57 57 57 57 57 57 57 57 57 57 57 57 57 57 57 57 57 72 72 72 0 57 57 98 98 98 98 98 98 98 49 98 98 57 98 57 57 95 57 57 95 95 95 57 57 57 95
57 57 57 57 80 80 57 57 57 57 57 57 81 57 57 57 84 57 0 0 57 57 57 57 57 75 57 75 75 75 75 75 75 57 96 57 57 57 57 57 0 57 57 77 57 77 57 77 57 57 57 57 57 57 0 0 0 57 57 57 57 57 57 57 57 57 57 57 57 57 57 0 57 57 98 98 40 98 98 98 49 98 98 98 98 57 57 95 57 95 95 95 95 57 95 95
57 57 0 80 57 57 57 57 57 57 81 81 57 57 57 57 57 0 57 0 57 57 57 57 57 75 75 57 57 57 75 57 75 57 57 57 57 57 0 57 57 57 57 57 57 57 57 57 0 57 57 0 57 57 0 0 0 0 0 57 57 57 57 0 57 57 57 57 57 0 57 57 57 57 57 98 98 98 98 98 98 98 57 57 57 57 57 57 57 57 57 57 57 95 95 95
57 57 57 57 57 70 57 57 57 57 57 57 81 57 57 57 57 57 57 57 57 57 57 75 75 75 75 57 75 57 57 75 75 57 75 57 57 57 0 57 57 57 57 57 57 57 57 57 0 57 0 57 57 57 92 0 57 57 0 0 0 57 57 57 0 0 57 57 0 57 57 57 57 57 57 57 98 98 98 57 98 57 98 57 0 57 57 57 57 57 57 70 57 95 95 55
57 57 57 0 57 57 70 57 57 57 57 57 57 57 57 95 57 95 57 57 57 57 57 57 57 75 75 75 75 57 75 57 57 75 75 57 57 57 57 57 57 89 57 57 84 57 57 57 57 0 0 97 97 57 57 57 57 0 0 0 0 57 57 0 0 0 0 57 57 57 57 57 57 57 57 57 57 98 57 98 98 98 57 57 57 57 57 57 57 57 57 57 57 95 95 95
57 57 0 0 57 57 70 57 0 0 0 57 57 57 57 57 95 57 95 57 57 57 57 75 75 57 57 57 57 57 57 57 75 57 57 57 57 57 57 57 57 89 57 84 84 57 70 0 0 0 0 57 57 57 0 57 57 0 0 0 57 57 57 0 0 0 0 0 0 0 57 57 57 57 57 57 57 57 98 98 57 57 57 57 57 57 57 57 57 57 57 95 95 57 95 95
57 57 0 0 0 57 57 57 0 0 0 0 57 57 95 95 95 95 57 57 75 57 75 75 75 57 57 57 57 75 57 75 57 57 57 57 57 0 57 89 89 57 57 57 84 57 57 57 57 57 57 57 57 57 57 57 0 0 0 57 57 0 57 57 0 0 51 0 0 0 57 57 57 57 57 57 57 57 57 57 57 57 57 95 95 57 57 57 57 85 57 57 95 57 95 95
57 57 0 0 57 57 57 57 57 57 57 0 57 57 57 57 57 57 57 75 75 57 57 75 75 75 57 57 57 75 75 57 0 57 0 57 57 57 89 57 57 57 57 57 57 57 0 57 57 57 0 57 57 0 57 57 0 57 57 57 57 57 0 57 0 51 51 0 0 0 0 57 57 57 0 57 57 57 95 95 95 57 95 57 95 95 95 57 57 57 57 95 95 95 95 57
57 57 57 57 0 0 57 0 0 57 57 57 0 0 57 57 81 57 57 57 75 75 57 57 57 75 75 57 75 75 75 57 57 57 57 57 57 57 89 57 57 57 89 57 57 57 57 57 57 0 0 0 57 57 0 0 0 0 57 57 57 57 57 0 0 0 0 0 0 0 0 57 57 57 57 57 57 57 57 57 57 95 95 57 57 57 95 57 57 57 57 57 95 95 95 95
0 57 71 57 0 0 0 0 57 57 57 0 0 0 57 81 81 57 57 57 57 57 75 57 57 75 75 75 75 75 75 57 57 57 57 57 0 57 57 89 89 89 89 57 0 57 57 57 0 0 0 57 57 57 0 0 57 0 57 57 0 57 57 0 0 0 0 0 0 0 0 0 0 57 0 57 57 57 57 57 57 57 57 57 57 57 95 57 57 57 95 57 95 95 95 95
57 57 57 57 57 57 0 57 57 57 57 57 57 57 57 57 81 81 57 57 57 75 75 57 57 75 75 48 48 75 75 75 75 75 57 57 57 57 57 57 57 57 89 57 57 57 57 57 0 0 57 57 57 57 0 0 0 57 57 57 57 57 57 57 0 0 0 57 57 0 57 57 57 57 57 89 57 57 57 57 57 57 95 57 95 95 95 57 57 57 95 95 95 95 95 57
57 57 57 57 57 57 57 57 0 57 57 57 57 57 0 57 81 81 57 57 75 75 57 57 57 75 48 75 75 75 75 75 75 57 57 57 57 0 57 57 0 57 57 57 57 57 57 57 57 57 0 57 72 57 57 0 57 57 0 57 0 57 57 57 0 57 0 0 57 0 0 57 0 0 57 57 57 57 90 57 57 57 95 95 95 95 57 95 95 95 95 95 95 95 57 57
79 57 57 79 79 57 57 57 57 0 57 57 57 0 0 57 57 57 57 75 57 57 75 57 75 75 75 48 75 75 75 57 75 57 57 0 57 0 57 57 0 57 0 57 57 57 57 84 57 57 57 57 57 57 0 57 0 57 0 0 57 57 0 57 57 57 0 0 57 57 0 0 0 57 57 57 57 57 57 57 57 57 95 95 95 95 95 95 95 57 95 95 95 95 57 57
57 79 79 79 79 57 57 57 0 57 0 57 57 57 0 57 57 57 57 57 57 57 75 75 75 48 48 48 48 48 75 57 57 57 57 80 57 57 57 57 0 0 0 57 57 57 57 57 57 57 57 57 57 57 57 57 57 57 0 0 0 57 57 57 57 57 57 57 57 57 0 0 57 57 57 57 57 57 57 57 57 57 57 95 95 95 95 95 57 95 95 95 95 57 57 57
79 79 79 57 57 79 57 57 0 0 0 57 57 57 57 57 57 87 57 57 57 57 75 75 75 48 75 75 75 75 75 75 57 0 57 57 57 57 57 57 0 0 0 57 57 57 57 0 0 57 57 57 57 57 57 57 57 0 57 0 57 0 57 0 57 57 57 0 57 57 57 0 0 57 57 57 57 57 57 57 57 57 57 95 95 95 57 57 95 95 95 95 57 95 95 57
57 57 57 57 57 79 57 57 0 0 0 57 57 57 72 57 87 87 57 99 57 57 57 57 75 75 75 75 44 75 75 75 75 57 57 57 0 57 57 0 57 57 0 0 57 57 76 57 57 57 57 57 57 57 57 57 57 57 0 57 0 57 57 57 57 57 57 57 0 57 57 57 57 57 57 57 57 57 57 57 95 95 95 95 95 57 95 95 57 57 95 95 95 57 95 57
79 79 79 57 57 57 57 57 57 57 0 57 57 57 57 57 57 87 57 99 99 99 57 57 57 57 75 44 75 75 75 75 57 57 57 57 57 57 57 57 57 57 57 57 57 57 57 57 57 0 0 57 57 57 57 57 57 0 57 57 57 57 57 57 57 57 57 57 57 57 57 0 57 0 0 57 57 57 57 95 57 95 95 95 95 57 57 95 57 95 95 95 95 57 95 95
79 79 57 57 57 86 57 57 57 0 0 57 57 57 57 57 57 57 57 57 57 57 57 57 57 57 75 75 75 75 75 75 57 87 57 57 57 57 57 57 0 57 57 57 57 57 57 0 57 57 57 57 0 57 0 57 0 57 57 57 57 89 57 86 86 57 57 57 57 57 57 57 0 57 57 57 57 57 57 57 57 95 95 95 95 95 57 57 95 95 95 95 95 57 57 57
